# Sensor type: Respeck
# Activity type: Standing
# Activity subtype: Laughing
# Subject id: s1979609
# Notes: 
timestamp,accel_x,accel_y,accel_z,gyro_x,gyro_y,gyro_z
1695903967001,-0.4345703,-0.87872314,0.22894287,-1.484375,-6.90625,2.625
1695903967055,-0.4326172,-0.9319458,0.20916748,-3.25,-6.140625,2.390625
1695903967090,-0.4194336,-0.90875244,0.2140503,-2.28125,-0.90625,1.640625
1695903967121,-0.4387207,-0.90826416,0.21697998,-2.546875,-1.921875,1.53125
1695903967166,-0.44091797,-0.9038696,0.22088623,-1.1875,-4.09375,2.3125
1695903967195,-0.4169922,-0.87628174,0.2140503,-1.765625,-1.296875,1.671875
1695903967241,-0.44091797,-0.90289307,0.21185303,-2.375,-0.46875,0.6875
1695903967288,-0.44360352,-0.9085083,0.2296753,-0.21875,-2.71875,1.0625
1695903967315,-0.42382812,-0.88165283,0.21429443,0.203125,-0.578125,0.15625
1695903967361,-0.40844727,-0.88604736,0.20892334,0.3125,0.203125,-0.375
1695903967406,-0.43969727,-0.9026489,0.19989014,-1.765625,-0.515625,-0.65625
1695903967436,-0.4572754,-0.8999634,0.22772217,-0.21875,-0.78125,-0.46875
1695903967480,-0.4194336,-0.88653564,0.20794678,-0.828125,2.21875,-1.359375
1695903967526,-0.4428711,-0.89385986,0.21551514,0.375,1.109375,-0.875
1695903967555,-0.44189453,-0.8977661,0.1918335,-1.078125,0.203125,-1.484375
1695903967615,-0.42358398,-0.8933716,0.21746826,-1.734375,1.078125,-1.984375
1695903967633,-0.42358398,-0.90167236,0.21209717,-1.28125,0.609375,-1.625
1695903967676,-0.4428711,-0.90167236,0.2230835,-1.078125,-0.28125,-1.171875
1695903967721,-0.4267578,-0.89727783,0.20306396,0.203125,-0.078125,-1.15625
1695903967751,-0.42626953,-0.88604736,0.22235107,-1.765625,-0.171875,-1.125
1695903967796,-0.4362793,-0.89556885,0.2164917,-1.046875,-0.421875,-0.59375
1695903967840,-0.4440918,-0.89141846,0.22357178,-0.109375,-0.625,0.125
1695903967871,-0.43359375,-0.8875122,0.215271,-2.5625,-0.4375,-0.328125
1695903967916,-0.44921875,-0.8821411,0.22210693,-1.6875,-1.34375,-0.015625
1695903967961,-0.42529297,-0.8870239,0.2177124,-1.390625,-2.140625,-0.40625
1695903967991,-0.42114258,-0.8867798,0.21331787,-3.09375,-0.828125,-0.5
1695903968035,-0.45385742,-0.89141846,0.23529053,-0.859375,-1.890625,0.1875
1695903968111,-0.45141602,-0.88116455,0.24261475,0.46875,-1.21875,1.046875
1695903968113,-0.43945312,-0.8880005,0.2008667,-1.90625,-1.84375,0.765625
1695903968155,-0.44921875,-0.8953247,0.24920654,-0.296875,-1.3125,-0.09375
1695903968186,-0.4567871,-0.8982544,0.23602295,0.78125,0.921875,1.390625
1695903968231,-0.43798828,-0.8755493,0.21624756,-1.390625,1.109375,0.28125
1695903968275,-0.44506836,-0.9216919,0.24285889,-0.578125,2.5,-0.21875
1695903968308,-0.42163086,-0.8899536,0.24212646,-0.828125,0.4375,-0.171875
1695903968350,-0.41381836,-0.87994385,0.20550537,-2.6875,0.015625,-1.3125
1695903968381,-0.43530273,-0.89923096,0.2387085,-1.453125,0.21875,-1.453125
1695903968426,-0.44702148,-0.8882446,0.2748413,1.140625,-0.578125,-0.046875
1695903968471,-0.42797852,-0.88238525,0.22113037,-1.09375,1.3125,-0.09375
1695903968501,-0.43408203,-0.89434814,0.24163818,-0.09375,1.078125,-0.328125
1695903968546,-0.44604492,-0.8843384,0.2543335,0.984375,-1.078125,0.96875
1695903968591,-0.4284668,-0.8911743,0.23699951,-0.6875,0.84375,0.484375
1695903968621,-0.44702148,-0.89190674,0.24505615,-0.546875,0.1875,0.375
1695903968666,-0.42114258,-0.88360596,0.23919678,-0.703125,-0.125,0.21875
1695903968740,-0.44555664,-0.9053345,0.23406982,-2.875,0.90625,0.0625
1695903968742,-0.42749023,-0.8855591,0.2543335,-2.03125,1.71875,-1.171875
1695903968785,-0.41479492,-0.8831177,0.24871826,-2.296875,0.75,-0.796875
1695903968815,-0.42456055,-0.8687134,0.25775146,-0.1875,0.140625,-0.484375
1695903968861,-0.45288086,-0.8989868,0.26922607,3.484375,2.234375,0.578125
1695903968905,-0.43066406,-0.89630127,0.24627686,1.890625,3.25,0.453125
1695903968936,-0.42871094,-0.8892212,0.2140503,2.921875,0.203125,1.5625
1695903968980,-0.41088867,-0.8862915,0.199646,2.703125,-2.28125,1.390625
1695903969025,-0.39941406,-0.8670044,0.22015381,2.375,2.25,2.1875
1695903969060,-0.43774414,-0.90289307,0.24310303,1.15625,3.578125,1.296875
1695903969101,-0.4260254,-0.91290283,0.24627686,3.265625,1.890625,0.875
1695903969145,-0.42016602,-0.88360596,0.21966553,3.0,3.140625,-0.625
1695903969176,-0.4350586,-0.9043579,0.22723389,2.65625,3.296875,-0.890625
1695903969220,-0.43041992,-0.9133911,0.24212646,1.328125,0.5,-0.21875
1695903969250,-0.421875,-0.89727783,0.23797607,-0.46875,0.03125,-1.546875
1695903969296,-0.40112305,-0.8875122,0.22747803,-2.75,1.203125,-1.71875
1695903969341,-0.43652344,-0.90411377,0.25579834,-0.6875,-0.71875,0.03125
1695903969370,-0.42211914,-0.89801025,0.20526123,-0.953125,-0.28125,-0.78125
1695903969415,-0.40942383,-0.9085083,0.24505615,-0.09375,1.21875,-1.4375
1695903969460,-0.43652344,-0.8953247,0.25335693,0.734375,0.296875,-0.4375
1695903969490,-0.41381836,-0.880188,0.215271,-1.09375,-0.34375,-1.75
1695903969536,-0.42285156,-0.9151001,0.24041748,-0.84375,1.328125,-1.203125
1695903969567,-0.42529297,-0.8838501,0.24969482,-0.59375,-1.3125,-0.46875
1695903969611,-0.42944336,-0.8858032,0.2296753,-3.296875,-0.453125,-0.90625
1695903969656,-0.4309082,-0.9011841,0.25897217,-1.375,1.53125,-1.046875
1695903969689,-0.43164062,-0.90093994,0.24676514,1.5625,-0.71875,0.828125
1695903969731,-0.40722656,-0.8909302,0.23699951,-0.40625,0.125,-0.453125
1695903969776,-0.45141602,-0.9011841,0.26507568,1.015625,0.171875,0.1875
1695903969806,-0.40673828,-0.88897705,0.22601318,-0.40625,1.859375,-0.203125
1695903969851,-0.41870117,-0.8731079,0.23919678,0.21875,1.34375,0.0625
1695903969896,-0.42504883,-0.9072876,0.25946045,1.921875,1.46875,0.421875
1695903969925,-0.43115234,-0.8831177,0.25482178,1.875,-0.546875,1.90625
1695903969970,-0.42407227,-0.87994385,0.23846436,0.109375,-0.28125,1.5
1695903970001,-0.41992188,-0.90460205,0.23773193,1.28125,2.140625,0.453125
1695903970046,-0.41967773,-0.8909302,0.2399292,0.875,-1.296875,1.015625
1695903970090,-0.4128418,-0.90460205,0.23968506,0.421875,2.03125,-0.015625
1695903970123,-0.42260742,-0.8911743,0.2477417,-0.0625,1.984375,-0.28125
1695903970165,-0.42382812,-0.9224243,0.25091553,0.28125,0.78125,0.171875
1695903970210,-0.41357422,-0.88653564,0.24310303,-0.546875,0.625,-0.109375
1695903970241,-0.4086914,-0.8948364,0.23065186,-1.90625,1.609375,-0.328125
1695903970286,-0.42163086,-0.880188,0.26287842,0.265625,1.171875,0.71875
1695903970330,-0.4255371,-0.8899536,0.2592163,1.421875,1.890625,0.953125
1695903970363,-0.39697266,-0.9019165,0.24212646,-1.515625,3.515625,0.6875
1695903970406,-0.4038086,-0.909729,0.25628662,0.53125,3.46875,0.09375
1695903970439,-0.39404297,-0.8814087,0.23382568,-1.21875,1.71875,-0.46875
1695903970481,-0.40039062,-0.8994751,0.25579834,-0.578125,2.265625,0.015625
1695903970526,-0.3918457,-0.8833618,0.25213623,-0.515625,3.40625,-0.703125
1695903970556,-0.42236328,-0.89630127,0.27288818,0.859375,3.03125,0.734375
1695903970601,-0.38964844,-0.8880005,0.25408936,1.921875,4.234375,1.484375
1695903970645,-0.41748047,-0.9065552,0.26654053,2.921875,4.828125,1.53125
1695903970676,-0.3942871,-0.90167236,0.27435303,3.15625,0.921875,0.90625
1695903970721,-0.40673828,-0.9006958,0.2662964,5.15625,-1.046875,0.71875
1695903970751,-0.3630371,-0.91851807,0.2453003,4.203125,-1.0,1.71875
1695903970796,-0.3972168,-0.89190674,0.21722412,3.578125,-2.03125,0.8125
1695903970841,-0.40942383,-0.9168091,0.2531128,4.09375,-1.515625,-0.203125
1695903970871,-0.36206055,-0.93829346,0.18109131,4.640625,-1.890625,0.265625
1695903970916,-0.41088867,-0.92193604,0.20306396,3.8125,-5.09375,-0.265625
1695903970961,-0.36694336,-0.8687134,0.18841553,-0.078125,0.125,-0.21875
1695903970991,-0.38354492,-0.923645,0.21307373,-1.828125,-1.5,-0.296875
1695903971036,-0.3869629,-0.89971924,0.2074585,-2.390625,0.5,-0.515625
1695903971080,-0.40405273,-0.91241455,0.21600342,-1.71875,-1.578125,0.40625
1695903971111,-0.39013672,-0.9204712,0.22723389,-1.328125,0.28125,0.0
1695903971158,-0.36621094,-0.9038696,0.19012451,-2.015625,1.828125,-0.953125
1695903971201,-0.41308594,-0.9273071,0.24700928,0.28125,0.3125,-0.109375
1695903971245,-0.3840332,-0.9216919,0.22650146,-2.046875,-0.46875,-1.15625
1695903971276,-0.37451172,-0.9151001,0.22088623,0.609375,0.046875,-0.328125
1695903971306,-0.38891602,-0.8989868,0.22698975,0.28125,0.046875,0.0625
1695903971351,-0.3774414,-0.92755127,0.2255249,0.078125,-0.296875,-0.546875
1695903971396,-0.37109375,-0.9312134,0.22381592,0.421875,0.265625,0.4375
1695903971425,-0.38208008,-0.88897705,0.21282959,0.25,-0.828125,-0.296875
1695903971471,-0.39233398,-0.93414307,0.24310303,0.265625,-1.5625,0.75
1695903971515,-0.3840332,-0.9038696,0.21038818,-0.828125,-1.421875,-0.515625
1695903971546,-0.39282227,-0.92633057,0.22894287,0.015625,-0.4375,-0.6875
1695903971591,-0.3918457,-0.90289307,0.20501709,1.328125,-0.265625,0.15625
1695903971620,-0.41259766,-0.90631104,0.2140503,-1.109375,-0.59375,-0.140625
1695903971666,-0.3791504,-0.92559814,0.20257568,0.546875,2.3125,-0.265625
1695903971711,-0.38256836,-0.9209595,0.21185303,4.28125,2.765625,0.0625
1695903971741,-0.4020996,-0.90826416,0.21795654,3.75,0.21875,-0.03125
1695903971786,-0.40014648,-0.88775635,0.21575928,3.9375,-0.6875,-0.796875
1695903971833,-0.40795898,-0.9221802,0.22210693,2.53125,3.15625,-0.96875
1695903971861,-0.40161133,-0.90753174,0.20599365,0.59375,5.265625,-1.578125
1695903971911,-0.41137695,-0.913147,0.21966553,0.5,4.171875,-0.65625
1695903971941,-0.3894043,-0.90802,0.2267456,-1.0,4.8125,-0.828125
1695903971980,-0.3864746,-0.9170532,0.21282959,1.265625,7.296875,0.203125
1695903972026,-0.39111328,-0.9221802,0.24749756,3.921875,4.5,0.75
1695903972056,-0.36572266,-0.90826416,0.1942749,0.78125,5.296875,0.390625
1695903972101,-0.37182617,-0.9229126,0.21868896,3.546875,4.671875,0.65625
1695903972146,-0.37451172,-0.9002075,0.22650146,2.046875,2.71875,0.375
1695903972176,-0.37695312,-0.93048096,0.22332764,2.796875,3.28125,0.6875
1695903972221,-0.3623047,-0.9180298,0.1930542,-0.125,3.46875,0.046875
1695903972266,-0.39941406,-0.90875244,0.23675537,2.171875,2.453125,-0.140625
1695903972296,-0.34228516,-0.95098877,0.18548584,0.09375,5.484375,0.5
1695903972356,-0.3935547,-0.90289307,0.22161865,-0.28125,3.65625,0.15625
1695903972371,-0.34423828,-0.9092407,0.18865967,0.046875,5.234375,-0.25
1695903972416,-0.40356445,-0.9221802,0.23358154,2.421875,2.21875,0.75
1695903972460,-0.3869629,-0.9138794,0.20697021,-1.265625,2.53125,-0.265625
1695903972490,-0.36083984,-0.91412354,0.20452881,0.765625,3.09375,-0.3125
1695903972551,-0.36914062,-0.92852783,0.21722412,-1.296875,2.765625,-0.4375
1695903972583,-0.3840332,-0.90045166,0.24505615,2.234375,1.65625,1.1875
1695903972610,-0.38208008,-0.9209595,0.2387085,1.671875,-1.25,-1.9375
1695903972657,-0.3659668,-0.9055786,0.2489624,9.109375,-2.921875,-0.1875
1695903972731,-0.31274414,-0.9729614,0.18011475,10.015625,-3.5625,-0.859375
1695903972733,-0.37646484,-0.9043579,0.1930542,1.28125,-8.515625,1.921875
1695903972776,-0.40234375,-0.9312134,0.2177124,1.78125,-9.359375,0.765625
1695903972805,-0.3828125,-0.92755127,0.16912842,1.609375,-9.390625,-0.59375
1695903972850,-0.35180664,-0.8994751,0.11541748,-2.0,-9.390625,0.96875
1695903972911,-0.36035156,-0.972229,0.17938232,2.59375,-4.84375,0.390625
1695903972926,-0.3569336,-0.8970337,0.12176514,0.15625,-4.984375,1.8125
1695903972970,-0.3461914,-0.90704346,0.15789795,-0.234375,-2.734375,2.21875
1695903973016,-0.35986328,-0.9385376,0.13250732,-4.609375,-1.96875,3.390625
1695903973046,-0.3696289,-0.9343872,0.15985107,-3.59375,-3.921875,3.1875
1695903973090,-0.39770508,-0.925354,0.17962646,-3.546875,-2.984375,1.0625
1695903973136,-0.38378906,-0.9338989,0.1696167,-1.859375,-2.421875,-0.34375
1695903973169,-0.39941406,-0.9336548,0.184021,-0.421875,-3.28125,1.171875
1695903973210,-0.3479004,-0.9109497,0.16473389,-1.65625,-1.640625,0.0625
1695903973241,-0.37353516,-0.927063,0.15057373,-1.5625,-0.5,-0.0625
1695903973285,-0.38452148,-0.9456177,0.19696045,0.359375,-2.4375,0.8125
1695903973330,-0.3491211,-0.9212036,0.16571045,-1.640625,-1.4375,1.0
1695903973360,-0.3696289,-0.9260864,0.16448975,-2.3125,-1.703125,0.34375
1695903973406,-0.3696289,-0.93096924,0.1708374,-1.84375,-0.34375,-0.4375
1695903973450,-0.37524414,-0.9216919,0.17547607,-0.890625,-1.828125,0.53125
1695903973481,-0.36376953,-0.9277954,0.17108154,-3.265625,-0.78125,-1.125
1695903973525,-0.36987305,-0.91851807,0.17694092,-2.0,-0.40625,-0.203125
1695903973555,-0.3779297,-0.9402466,0.19989014,-2.90625,-2.015625,-0.25
1695903973601,-0.35986328,-0.91412354,0.19989014,-4.796875,-1.046875,0.5625
1695903973646,-0.35375977,-0.9216919,0.17059326,-7.171875,-0.15625,-0.125
1695903973675,-0.36889648,-0.9446411,0.20184326,-1.296875,-1.4375,0.8125
1695903973736,-0.35986328,-0.90704346,0.19500732,-2.875,-1.28125,-0.203125
1695903973765,-0.35791016,-0.93463135,0.19891357,-3.375,0.265625,-0.296875
1695903973796,-0.3647461,-0.9290161,0.20672607,-1.59375,0.140625,-0.0625
1695903973843,-0.37426758,-0.9104614,0.21844482,-1.265625,-1.59375,0.1875
1695903973886,-0.33496094,-0.9421997,0.20404053,-3.890625,-0.15625,0.0625
1695903973916,-0.37304688,-0.9133911,0.22991943,-3.640625,-0.234375,0.109375
1695903973961,-0.3623047,-0.9302368,0.21014404,-1.375,-0.046875,-0.265625
1695903973992,-0.35766602,-0.9065552,0.22113037,-1.953125,-1.9375,-0.5
1695903974036,-0.37719727,-0.93292236,0.21697998,-1.03125,0.5625,-0.328125
1695903974080,-0.36694336,-0.91290283,0.22528076,-1.359375,0.015625,-1.34375
1695903974111,-0.3552246,-0.9170532,0.21356201,-1.5625,0.65625,-0.625
1695903974155,-0.38330078,-0.9212036,0.22723389,-1.609375,1.21875,-0.90625
1695903974201,-0.36157227,-0.911438,0.23602295,-1.546875,1.796875,-1.4375
1695903974231,-0.38110352,-0.91607666,0.23797607,-1.78125,-0.015625,-0.859375
1695903974276,-0.3540039,-0.9241333,0.23016357,-1.859375,1.328125,-1.53125
1695903974321,-0.35498047,-0.92852783,0.23968506,0.234375,2.5625,-1.296875
1695903974352,-0.36035156,-0.91290283,0.2423706,0.625,1.34375,-1.078125
1695903974396,-0.35961914,-0.9338989,0.24407959,-0.109375,2.765625,-1.34375
1695903974426,-0.37304688,-0.8892212,0.23431396,-0.6875,3.28125,-0.78125
1695903974471,-0.3972168,-0.91485596,0.27972412,-1.109375,1.25,-1.671875
1695903974516,-0.3659668,-0.90411377,0.25213623,5.078125,2.46875,-1.109375
1695903974546,-0.35839844,-0.94122314,0.24725342,8.078125,3.46875,-0.640625
1695903974591,-0.36035156,-0.91607666,0.23382568,3.921875,1.625,-2.765625
1695903974636,-0.39086914,-0.8982544,0.22039795,-5.28125,4.265625,-1.578125
1695903974666,-0.36523438,-0.92510986,0.24627686,0.734375,-1.28125,-1.84375
1695903974711,-0.38623047,-0.9209595,0.21624756,4.25,-4.65625,0.515625
1695903974741,-0.36376953,-0.91070557,0.18450928,2.453125,0.421875,-0.671875
1695903974785,-0.37670898,-0.9116821,0.20892334,0.59375,0.21875,1.109375
1695903974833,-0.375,-0.90631104,0.22357178,0.5,-1.359375,-0.65625
1695903974861,-0.34228516,-0.9155884,0.20233154,-3.015625,2.015625,-0.09375
1695903974906,-0.38720703,-0.93634033,0.25897217,-1.171875,-1.09375,-0.5
1695903974952,-0.36865234,-0.8970337,0.22796631,-1.71875,2.359375,-1.796875
1695903974981,-0.37304688,-0.9397583,0.22601318,-0.828125,2.140625,-0.5
1695903975026,-0.3786621,-0.91729736,0.25775146,1.71875,-0.75,0.6875
1695903975071,-0.3762207,-0.90826416,0.21014404,-2.984375,1.390625,0.015625
1695903975100,-0.34106445,-0.9324341,0.21820068,-2.15625,1.828125,0.765625
1695903975146,-0.37719727,-0.93292236,0.27337646,0.609375,-2.265625,0.90625
1695903975176,-0.34985352,-0.9026489,0.21917725,-3.859375,-2.671875,0.828125
1695903975220,-0.35253906,-0.91290283,0.2230835,-1.125,-0.421875,0.328125
1695903975265,-0.36743164,-0.92559814,0.24749756,-0.328125,-2.15625,0.28125
1695903975296,-0.39111328,-0.90753174,0.24603271,0.46875,-3.234375,1.453125
1695903975341,-0.34887695,-0.92071533,0.23406982,-1.9375,-1.25,0.28125
1695903975386,-0.39526367,-0.90509033,0.22332764,-4.0625,-1.953125,0.71875
1695903975416,-0.35473633,-0.9434204,0.2531128,-1.453125,-0.734375,-0.890625
1695903975461,-0.38793945,-0.90997314,0.24945068,-0.859375,-3.015625,1.375
1695903975505,-0.3491211,-0.9043579,0.22991943,-2.96875,-0.90625,-1.21875
1695903975536,-0.37451172,-0.928772,0.2387085,0.4375,0.046875,-0.3125
1695903975581,-0.3696289,-0.9043579,0.25604248,1.0625,-1.40625,0.5625
1695903975611,-0.37280273,-0.9038696,0.25213623,1.265625,-0.90625,0.859375
1695903975656,-0.3713379,-0.90753174,0.23480225,0.9375,1.53125,0.3125
1695903975701,-0.38671875,-0.9199829,0.25946045,3.328125,0.046875,0.53125
1695903975730,-0.3605957,-0.89801025,0.2345581,1.109375,0.734375,0.03125
1695903975776,-0.36767578,-0.93634033,0.21502686,1.9375,3.03125,0.84375
1695903975820,-0.36108398,-0.9307251,0.23138428,0.546875,2.46875,0.0625
1695903975851,-0.3684082,-0.9155884,0.26434326,1.734375,-0.625,0.6875
1695903975896,-0.35717773,-0.9348755,0.23016357,0.765625,0.25,-0.1875
1695903975926,-0.3642578,-0.90631104,0.2321167,0.484375,2.0,-0.0625
1695903975970,-0.36767578,-0.9224243,0.24676514,2.09375,1.1875,-0.734375
1695903976016,-0.36645508,-0.909729,0.23797607,0.8125,-0.75,-0.15625
1695903976045,-0.35961914,-0.91851807,0.22528076,-2.125,0.84375,-0.890625
1695903976091,-0.35888672,-0.928772,0.24627686,1.71875,1.421875,-0.671875
1695903976136,-0.36767578,-0.9133911,0.23797607,0.84375,1.234375,-0.203125
1695903976165,-0.3413086,-0.91778564,0.20819092,-1.609375,1.203125,-0.515625
1695903976211,-0.37841797,-0.9299927,0.24188232,0.421875,1.296875,0.578125
1695903976255,-0.3696289,-0.9072876,0.23699951,0.578125,-0.328125,0.28125
1695903976286,-0.3491211,-0.93170166,0.2267456,-1.453125,1.9375,-0.15625
1695903976331,-0.37573242,-0.9126587,0.26312256,0.21875,1.1875,0.03125
1695903976363,-0.34033203,-0.9175415,0.24163818,2.84375,0.359375,-2.4375
1695903976405,-0.35546875,-0.9517212,0.28997803,5.140625,-5.4375,-2.359375
1695903976451,-0.38305664,-0.82696533,0.20428467,-2.546875,-3.0,-1.125
1695903976481,-0.36572266,-0.9937134,0.22235107,3.71875,-2.046875,-1.296875
1695903976525,-0.34326172,-0.9246216,0.17889404,3.71875,-5.953125,1.734375
1695903976571,-0.37329102,-0.8804321,0.19012451,0.890625,-9.078125,0.46875
1695903976600,-0.3774414,-0.9692993,0.22039795,0.609375,-2.703125,-0.265625
1695903976646,-0.36376953,-0.9224243,0.14935303,1.296875,-0.96875,1.203125
1695903976691,-0.36938477,-0.91241455,0.1930542,-0.28125,-1.234375,-0.53125
1695903976721,-0.35083008,-0.9072876,0.18304443,-2.34375,0.40625,0.65625
1695903976766,-0.36621094,-0.9199829,0.21429443,-2.71875,1.0,1.09375
1695903976796,-0.38452148,-0.93218994,0.2543335,1.625,-0.625,-0.171875
1695903976841,-0.35424805,-0.9221802,0.16644287,-0.28125,5.640625,-0.953125
1695903976885,-0.36743164,-0.93707275,0.20819092,0.90625,0.609375,-0.25
1695903976916,-0.37670898,-0.9116821,0.22747803,1.015625,-0.328125,-0.296875
1695903976961,-0.3479004,-0.9224243,0.17816162,1.0,2.625,-1.21875
1695903977006,-0.3605957,-0.93829346,0.18353271,1.515625,3.390625,-1.328125
1695903977039,-0.39501953,-0.9360962,0.23480225,4.125,-0.234375,0.25
1695903977097,-0.3449707,-0.89801025,0.184021,2.484375,1.859375,-1.203125
1695903977126,-0.35668945,-0.92803955,0.1906128,1.125,2.390625,-1.59375
1695903977157,-0.36621094,-0.9536743,0.20281982,3.78125,-0.25,-0.65625
1695903977201,-0.36450195,-0.90997314,0.19744873,0.546875,-0.453125,-1.125
1695903977233,-0.36035156,-0.91900635,0.18988037,-1.578125,-0.828125,-1.53125
1695903977276,-0.390625,-0.9175415,0.18011475,-2.625,1.8125,-2.828125
1695903977321,-0.39086914,-0.95391846,0.2086792,1.84375,2.265625,-1.203125
1695903977351,-0.35791016,-0.91973877,0.17352295,-0.890625,1.53125,-0.71875
1695903977396,-0.38305664,-0.9126587,0.18792725,-2.125,1.078125,0.5
1695903977440,-0.37182617,-0.928772,0.18792725,0.421875,3.09375,0.4375
1695903977471,-0.3972168,-0.9365845,0.21209717,1.71875,1.046875,1.0
1695903977516,-0.35986328,-0.9048462,0.1828003,-1.265625,2.140625,-0.28125
1695903977546,-0.37524414,-0.92559814,0.19818115,-1.28125,2.328125,-1.109375
1695903977591,-0.3737793,-0.92510986,0.20721436,2.390625,2.421875,-0.953125
1695903977636,-0.3618164,-0.9307251,0.199646,2.171875,1.078125,0.203125
1695903977667,-0.36669922,-0.9192505,0.1942749,1.5625,0.59375,-1.421875
1695903977711,-0.3713379,-0.9151001,0.18572998,1.890625,1.484375,-0.046875
1695903977771,-0.4038086,-0.90753174,0.20526123,1.890625,-0.390625,0.25
1695903977786,-0.4609375,-0.8557739,0.22601318,5.265625,3.546875,2.40625
1695903977831,-0.42700195,-0.93707275,0.22479248,7.5625,10.359375,1.390625
1695903977876,-0.32543945,-0.9500122,0.17913818,6.359375,11.421875,-1.34375
1695903977906,-0.2861328,-0.9570923,0.14154053,3.8125,7.734375,-1.578125
1695903977951,-0.34985352,-0.9295044,0.15838623,2.6875,3.09375,-2.15625
1695903977981,-0.3564453,-0.96466064,0.15106201,3.34375,2.625,-2.703125
1695903978026,-0.34692383,-0.9529419,0.14324951,-0.390625,2.40625,-3.078125
1695903978071,-0.30786133,-0.9697876,0.17938232,-1.546875,-2.5,-1.1875
1695903978101,-0.3894043,-0.9273071,0.18157959,-1.3125,-4.78125,1.0
1695903978146,-0.35009766,-0.94732666,0.1642456,-5.015625,-4.203125,-1.671875
1695903978191,-0.3293457,-0.93048096,0.18499756,-5.15625,-4.609375,0.0625
1695903978221,-0.40820312,-0.94317627,0.21942139,-5.8125,-8.921875,0.375
1695903978266,-0.31884766,-0.91729736,0.18206787,-6.515625,-8.34375,-1.625
1695903978325,-0.39746094,-0.94073486,0.2033081,-12.6875,-11.453125,-3.25
1695903978340,-0.38598633,-0.8670044,0.19525146,-16.25,-4.0625,-4.015625
1695903978385,-0.45629883,-0.8904419,0.27166748,-7.671875,-7.515625,-4.421875
1695903978418,-0.43310547,-0.9036255,0.25213623,-2.109375,-7.296875,-7.421875
1695903978461,-0.4580078,-0.8518677,0.2670288,-2.40625,-6.453125,-4.3125
1695903978506,-0.4091797,-0.8562622,0.262146,-3.828125,-5.15625,-1.859375
1695903978536,-0.46826172,-0.8640747,0.21136475,9.96875,-4.796875,-0.25
1695903978581,-0.4892578,-0.94000244,0.19451904,4.953125,1.890625,4.703125
1695903978626,-0.40771484,-0.9209595,0.16815186,10.453125,9.484375,3.203125
1695903978656,-0.37036133,-0.88482666,0.1786499,9.515625,6.671875,2.546875
1695903978701,-0.3293457,-0.9199829,0.17327881,2.4375,10.15625,-2.1875
1695903978733,-0.40942383,-0.94610596,0.20819092,4.390625,6.0,-0.203125
1695903978776,-0.3864746,-0.8948364,0.2333374,3.671875,5.046875,0.609375
1695903978836,-0.3803711,-0.9216919,0.15692139,0.1875,6.0625,-2.40625
1695903978850,-0.40478516,-0.9702759,0.24017334,2.9375,2.671875,0.1875
1695903978896,-0.3942871,-0.89019775,0.16888428,-0.453125,3.265625,1.1875
1695903978941,-0.37280273,-0.9158325,0.17645264,-2.453125,4.171875,-2.140625
1695903978970,-0.38330078,-0.9573364,0.19158936,-0.21875,1.6875,0.109375
1695903979016,-0.38793945,-0.89019775,0.1954956,-0.015625,-2.140625,1.5625
1695903979061,-0.3955078,-0.91241455,0.20184326,0.265625,-0.890625,-1.203125
1695903979091,-0.3828125,-0.91656494,0.1828003,-2.546875,0.453125,-0.28125
1695903979140,-0.4338379,-0.9192505,0.21160889,1.796875,-0.375,0.875
1695903979166,-0.36523438,-0.8845825,0.18817139,-0.90625,-2.359375,1.21875
1695903979211,-0.37182617,-0.91241455,0.19866943,-0.96875,-1.171875,-0.25
1695903979256,-0.4194336,-0.9234009,0.1918335,1.90625,-1.84375,1.0
1695903979285,-0.4008789,-0.9192505,0.21795654,3.109375,-2.21875,0.765625
1695903979331,-0.3713379,-0.911438,0.18817139,1.15625,-2.203125,2.015625
1695903979376,-0.41503906,-0.89923096,0.18548584,0.109375,-0.109375,0.1875
1695903979406,-0.39672852,-0.93927,0.20916748,2.5625,-0.296875,0.625
1695903979451,-0.4033203,-0.89508057,0.1876831,0.359375,-0.65625,2.203125
1695903979526,-0.37768555,-0.9204712,0.19232178,-1.90625,-0.1875,-0.5
1695903979527,-0.37524414,-0.9295044,0.1828003,-1.453125,1.84375,-1.140625
1695903979571,-0.41333008,-0.9258423,0.2033081,0.296875,-1.890625,0.8125
1695903979601,-0.3762207,-0.90460205,0.19891357,-1.140625,-0.671875,-0.921875
1695903979646,-0.3852539,-0.9385376,0.18475342,-2.703125,1.046875,0.0625
1695903979691,-0.39233398,-0.90802,0.18548584,1.03125,1.03125,-1.078125
1695903979721,-0.41088867,-0.9331665,0.21258545,0.265625,-0.390625,0.921875
1695903979766,-0.3569336,-0.9055786,0.1630249,-3.0,0.9375,-1.25
1695903979811,-0.40551758,-0.92266846,0.18963623,-3.921875,2.234375,-1.390625
1695903979841,-0.3828125,-0.90167236,0.19573975,-2.453125,1.34375,-1.25
1695903979886,-0.38256836,-0.91778564,0.24188232,0.5625,0.59375,-1.53125
1695903979916,-0.35986328,-0.8892212,0.17718506,-3.546875,0.515625,-0.484375
1695903979961,-0.40307617,-0.9277954,0.2098999,1.078125,2.796875,-1.75
1695903980006,-0.38549805,-0.9360962,0.20062256,1.15625,0.296875,-0.765625
1695903980036,-0.39160156,-0.88287354,0.2111206,3.640625,-0.1875,1.515625
1695903980081,-0.36767578,-0.93707275,0.21356201,1.796875,1.828125,1.03125
1695903980126,-0.41674805,-0.89434814,0.20550537,3.984375,-0.8125,0.3125
1695903980156,-0.38867188,-0.9182739,0.18450928,3.4375,-0.53125,-1.28125
1695903980201,-0.40625,-0.909729,0.21746826,3.734375,-0.171875,3.0625
1695903980246,-0.4597168,-0.9517212,0.22503662,2.375,-0.8125,0.15625
1695903980276,-0.33496094,-0.8804321,0.14959717,4.65625,3.84375,2.84375
1695903980321,-0.3635254,-0.894104,0.22723389,1.890625,1.71875,3.453125
1695903980351,-0.42114258,-0.972229,0.24090576,5.125,-0.9375,1.234375
1695903980396,-0.4345703,-0.91192627,0.15032959,-0.984375,1.75,-0.484375
1695903980441,-0.34375,-0.8987427,0.18304443,3.9375,0.703125,1.015625
1695903980471,-0.37719727,-0.9480591,0.12786865,5.296875,2.890625,-0.390625
1695903980516,-0.31811523,-0.9258423,0.15350342,9.34375,6.90625,2.125
1695903980561,-0.32641602,-0.9500122,0.105651855,8.453125,3.765625,0.015625
1695903980591,-0.31274414,-0.9417114,0.11199951,2.828125,2.515625,-1.765625
1695903980638,-0.34399414,-0.93707275,0.124938965,1.734375,1.21875,0.671875
1695903980697,-0.37524414,-0.9414673,0.18353271,2.296875,-3.859375,0.015625
1695903980711,-0.33813477,-0.9241333,0.10858154,1.5625,1.78125,-2.25
1695903980756,-0.37695312,-0.96539307,0.1473999,4.203125,-2.515625,-0.09375
1695903980787,-0.38012695,-0.8989868,0.11785889,-2.53125,-4.59375,-1.890625
1695903980831,-0.33569336,-0.9590454,0.10369873,-2.59375,-5.984375,-2.4375
1695903980876,-0.40844727,-0.92926025,0.11956787,-1.4375,-3.484375,-3.234375
1695903980906,-0.39770508,-0.95391846,0.1630249,0.140625,-3.375,-2.25
1695903980952,-0.3918457,-0.8897095,0.12322998,-0.3125,-1.9375,-0.53125
1695903981011,-0.37670898,-0.91290283,0.11834717,-0.171875,-0.75,-2.859375
1695903981026,-0.40600586,-0.95635986,0.13006592,2.234375,-1.421875,-0.984375
1695903981071,-0.4025879,-0.94195557,0.1239624,1.0625,-0.203125,-1.046875
1695903981116,-0.3798828,-0.9038696,0.113220215,1.78125,0.828125,-0.796875
1695903981146,-0.39135742,-0.9290161,0.11224365,-0.46875,1.75,-1.4375
1695903981191,-0.4086914,-0.94317627,0.152771,5.03125,1.375,-0.125
1695903981267,-0.3876953,-0.91656494,0.1239624,4.953125,2.53125,-0.8125
1695903981281,-0.3864746,-0.93170166,0.09881592,4.4375,3.765625,-0.96875
1695903981310,-0.3779297,-0.94244385,0.12322998,2.71875,2.890625,-1.546875
1695903981341,-0.3815918,-0.94317627,0.07952881,2.65625,4.5,-0.921875
1695903981386,-0.3569336,-0.928772,0.0927124,3.109375,1.671875,0.46875
1695903981431,-0.36401367,-0.9451294,0.10028076,-0.796875,3.984375,-1.421875
1695903981464,-0.3659668,-0.944397,0.093933105,-0.40625,-0.140625,-0.875
1695903981506,-0.3803711,-0.92144775,0.089782715,-3.421875,-2.484375,0.078125
1695903981536,-0.43969727,-0.9380493,0.10345459,-5.0625,-3.6875,0.09375
1695903981581,-0.34228516,-0.92755127,0.10491943,-2.640625,0.4375,1.21875
1695903981626,-0.44604492,-0.93048096,0.1605835,-1.484375,-4.328125,-0.078125
1695903981656,-0.4267578,-0.8911743,0.11834717,-2.203125,-0.25,0.15625
1695903981701,-0.390625,-0.91070557,0.113220215,-1.546875,5.703125,-2.15625
1695903981746,-0.43359375,-0.942688,0.12908936,0.609375,5.390625,-1.296875
1695903981776,-0.3791504,-0.8960571,0.13250732,2.984375,7.90625,0.65625
1695903981821,-0.41455078,-0.9360962,0.12542725,-0.234375,5.046875,1.171875
1695903981896,-0.4099121,-0.927063,0.12371826,1.15625,6.796875,1.0
1695903981911,-0.3737793,-0.9155884,0.12640381,3.015625,4.875,1.421875
1695903981941,-0.39892578,-0.94415283,0.116882324,1.40625,4.40625,1.75
1695903981986,-0.32543945,-0.9404907,0.081970215,-0.765625,1.84375,0.8125
1695903982016,-0.4104004,-0.93536377,0.1539917,-1.03125,2.5,0.71875
1695903982062,-0.40625,-0.9180298,0.14349365,1.546875,-0.921875,-0.6875
1695903982106,-0.36889648,-0.94366455,0.16644287,0.203125,1.71875,-0.046875
1695903982137,-0.42626953,-0.94122314,0.19891357,0.40625,0.6875,-1.859375
1695903982181,-0.42382812,-0.9434204,0.15570068,-5.5,-2.453125,-2.90625
1695903982211,-0.26660156,-0.8936157,0.1227417,-10.859375,-4.203125,-5.765625
1695903982257,-0.38208008,-0.9483032,0.113708496,-0.859375,-5.078125,-0.984375
1695903982316,-0.45483398,-0.9649048,0.19256592,6.046875,-8.578125,0.78125
1695903982331,-0.3479004,-0.8933716,0.06781006,7.421875,-10.515625,2.921875
1695903982376,-0.38183594,-0.942688,0.1239624,0.953125,-12.75,-0.421875
1695903982406,-0.38745117,-0.9116821,0.13739014,2.1875,-2.75,2.9375
1695903982451,-0.38110352,-0.91900635,0.0758667,-1.625,-1.484375,1.921875
1695903982497,-0.39013672,-0.9187622,0.13397217,0.171875,1.0625,2.015625
1695903982526,-0.3959961,-0.9673462,0.13226318,-2.109375,2.578125,0.5
1695903982571,-0.38452148,-0.9246216,0.12176514,-0.65625,1.859375,0.453125
1695903982616,-0.35327148,-0.9314575,0.094177246,-2.875,3.546875,-0.125
1695903982646,-0.4050293,-0.9751587,0.17376709,0.65625,0.453125,-0.625
1695903982692,-0.3798828,-0.9011841,0.116882324,-3.609375,2.3125,1.109375
1695903982721,-0.3515625,-0.91973877,0.12225342,-2.203125,3.8125,-1.203125
1695903982765,-0.39941406,-0.9678345,0.14251709,0.6875,1.546875,-0.625
1695903982811,-0.38427734,-0.88946533,0.1359253,0.078125,0.640625,0.03125
1695903982844,-0.3425293,-0.9470825,0.12445068,-2.03125,2.609375,-0.828125
1695903982886,-0.39819336,-0.91851807,0.13201904,-0.921875,1.3125,0.1875
1695903982931,-0.3684082,-0.9319458,0.14471436,0.078125,0.796875,-0.125
1695903982961,-0.3876953,-0.9151001,0.14056396,-1.296875,1.421875,0.53125
1695903983006,-0.3737793,-0.92510986,0.14276123,-0.890625,2.09375,-0.625
1695903983051,-0.39746094,-0.93707275,0.15447998,0.5,3.015625,-0.1875
1695903983096,-0.35473633,-0.92803955,0.14324951,0.53125,1.953125,0.9375
1695903983126,-0.36889648,-0.9234009,0.13690186,-0.296875,2.265625,-0.96875
1695903983156,-0.37475586,-0.9463501,0.14031982,1.34375,2.90625,0.0
1695903983201,-0.3708496,-0.9224243,0.14984131,2.25,-0.328125,0.265625
1695903983246,-0.36938477,-0.9404907,0.14105225,-0.265625,1.15625,-0.4375
1695903983276,-0.3474121,-0.93536377,0.1359253,0.609375,1.78125,-0.984375
1695903983321,-0.40429688,-0.9373169,0.1539917,1.078125,-0.578125,-0.375
1695903983366,-0.3515625,-0.92437744,0.12884521,0.171875,0.265625,-1.015625
1695903983396,-0.36010742,-0.94000244,0.12884521,-0.4375,0.296875,0.046875
1695903983441,-0.37402344,-0.9295044,0.14691162,0.5625,-0.453125,-0.9375
1695903983486,-0.3671875,-0.9351196,0.1437378,0.359375,-0.890625,0.109375
1695903983516,-0.37329102,-0.94659424,0.13153076,-0.296875,-0.765625,0.5625
1695903983561,-0.3720703,-0.94537354,0.137146,-1.171875,0.40625,-1.359375
1695903983591,-0.35791016,-0.927063,0.13812256,-0.796875,0.25,-0.859375
1695903983637,-0.39331055,-0.90826416,0.14837646,0.484375,-0.84375,0.359375
1695903983684,-0.37670898,-0.9326782,0.12738037,-2.0625,0.1875,-0.515625
1695903983711,-0.36914062,-0.9360962,0.1486206,-0.015625,0.84375,1.484375
1695903983771,-0.40185547,-0.928772,0.18304443,1.890625,-1.390625,0.40625
1695903983801,-0.37817383,-0.92193604,0.16571045,2.78125,-1.140625,-0.375
1695903983831,-0.33154297,-0.8911743,0.07733154,1.578125,1.578125,-1.703125
1695903983876,-0.37426758,-0.97540283,0.16375732,7.140625,-2.234375,2.28125
1695903983906,-0.39331055,-0.923645,0.14422607,7.09375,-5.390625,2.4375
1695903983951,-0.38354492,-0.94415283,0.12200928,2.875,-6.375,-1.0
1695903983996,-0.32714844,-0.9209595,0.08685303,0.375,-4.859375,-1.4375
1695903984026,-0.36572266,-0.9380493,0.08294678,-0.1875,-4.0,0.421875
1695903984071,-0.3713379,-0.9338989,0.06341553,-0.5625,0.0625,0.40625
1695903984116,-0.3659668,-0.9143677,0.09881592,-3.34375,0.1875,0.421875
1695903984146,-0.36254883,-0.9299927,0.11151123,-5.71875,2.4375,1.234375
1695903984191,-0.38476562,-0.9585571,0.12908936,-2.515625,-0.25,-0.78125
1695903984236,-0.37695312,-0.92926025,0.12225342,-0.96875,2.984375,-1.734375
1695903984266,-0.3557129,-0.9360962,0.11932373,-0.65625,3.140625,-0.015625
1695903984326,-0.39770508,-0.94976807,0.1461792,1.15625,2.078125,0.328125
1695903984342,-0.34033203,-0.9121704,0.11956787,-0.296875,1.6875,-0.9375
1695903984386,-0.37817383,-0.93585205,0.12225342,-1.140625,2.828125,-0.125
1695903984431,-0.3618164,-0.95147705,0.12640381,-0.046875,1.96875,-0.375
1695903984461,-0.39282227,-0.9356079,0.14398193,1.265625,1.015625,0.46875
1695903984506,-0.34277344,-0.9368286,0.10028076,-1.734375,3.484375,0.515625
1695903984551,-0.38134766,-0.9290161,0.11907959,0.03125,2.546875,0.125
1695903984581,-0.34399414,-0.9468384,0.14691162,0.921875,1.546875,0.140625
1695903984626,-0.34716797,-0.9212036,0.13006592,-0.375,0.5625,0.09375
1695903984671,-0.3557129,-0.927063,0.11834717,-2.46875,1.328125,-0.6875
1695903984701,-0.37890625,-0.95806885,0.15130615,2.125,0.078125,-0.28125
1695903984746,-0.36157227,-0.9151001,0.13006592,-1.03125,-0.1875,0.46875
1695903984776,-0.34375,-0.93707275,0.12030029,-1.140625,0.40625,-0.734375
1695903984821,-0.3581543,-0.9505005,0.12884521,-1.359375,1.25,-1.515625
1695903984866,-0.37329102,-0.93756104,0.14251709,0.84375,1.046875,0.28125
1695903984896,-0.35986328,-0.90826416,0.13079834,-2.328125,0.359375,-0.34375
1695903984941,-0.34472656,-0.9578247,0.13519287,-0.5,0.546875,0.515625
1695903984986,-0.36938477,-0.911438,0.12054443,-0.375,2.328125,-0.25
1695903985016,-0.34692383,-0.9573364,0.14349365,1.390625,1.921875,0.15625
1695903985062,-0.40063477,-0.91900635,0.17523193,-0.796875,-1.03125,-0.046875
1695903985094,-0.35839844,-0.9373169,0.11126709,-0.53125,3.984375,-0.515625
1695903985136,-0.36206055,-0.95318604,0.14666748,-0.984375,1.53125,0.15625
1695903985181,-0.35083008,-0.92681885,0.124938965,-0.75,1.46875,-0.34375
1695903985212,-0.37060547,-0.9385376,0.1749878,2.3125,0.984375,1.84375
1695903985256,-0.35961914,-0.93341064,0.10638428,-2.96875,2.28125,-1.84375
1695903985301,-0.35058594,-0.94903564,0.13543701,-1.203125,2.546875,1.828125
1695903985331,-0.3425293,-0.9151001,0.14178467,-0.890625,3.375,1.828125
1695903985376,-0.32495117,-0.9692993,0.17401123,-2.578125,-0.03125,0.5
1695903985421,-0.32714844,-0.9104614,0.13250732,-1.859375,-0.109375,0.234375
1695903985451,-0.3713379,-0.9378052,0.14251709,1.359375,-0.03125,-0.078125
1695903985496,-0.3449707,-0.925354,0.16131592,0.09375,-1.84375,-1.015625
1695903985526,-0.35595703,-0.8965454,0.15301514,1.734375,-0.734375,0.34375
1695903985571,-0.3840332,-0.97003174,0.19134521,1.796875,-0.84375,-0.453125
1695903985616,-0.36132812,-0.91290283,0.16400146,-2.5,-2.109375,-3.4375
1695903985646,-0.36254883,-0.91607666,0.18133545,-3.0,-2.28125,-1.640625
1695903985715,-0.39038086,-0.9536743,0.14105225,-7.78125,-3.203125,-5.96875
1695903985736,-0.25976562,-0.9819946,0.13665771,1.0625,-3.921875,-7.640625
1695903985766,-0.45385742,-0.8699341,0.18499756,5.828125,-1.828125,3.875
1695903985811,-0.4025879,-0.93096924,0.1408081,1.3125,-5.203125,-2.625
1695903985886,-0.35595703,-0.956604,0.1774292,-1.71875,-7.5625,-2.625
1695903985888,-0.3762207,-0.96661377,0.15081787,-2.140625,-7.734375,-2.515625
1695903985931,-0.35131836,-0.9036255,0.098083496,2.78125,-1.5625,0.265625
1695903985961,-0.41064453,-0.90289307,0.13201904,0.359375,-3.140625,-0.84375
1695903986006,-0.3400879,-0.9326782,0.105163574,1.6875,2.3125,0.15625
1695903986051,-0.37524414,-0.9319458,0.14715576,2.53125,2.03125,2.09375
1695903986082,-0.36694336,-0.9031372,0.17059326,-1.03125,1.796875,2.328125
1695903986126,-0.3713379,-0.928772,0.13885498,-1.5625,1.15625,0.203125
1695903986171,-0.3864746,-0.9524536,0.12786865,1.390625,1.40625,-1.828125
1695903986202,-0.36669922,-0.9282837,0.1642456,1.609375,0.8125,2.1875
1695903986248,-0.3798828,-0.91485596,0.13616943,-1.09375,0.53125,-0.53125
1695903986292,-0.36035156,-0.91778564,0.15179443,1.453125,2.25,0.390625
1695903986336,-0.3828125,-0.9524536,0.14007568,2.0,0.0,0.375
1695903986366,-0.37426758,-0.91729736,0.13641357,0.546875,0.96875,0.421875
1695903986397,-0.37890625,-0.911438,0.14984131,0.21875,-0.6875,0.3125
1695903986441,-0.37329102,-0.9546509,0.14154053,0.34375,1.484375,-0.53125
1695903986486,-0.3857422,-0.92266846,0.14691162,1.875,-2.0625,0.21875
1695903986516,-0.34277344,-0.9331665,0.12225342,-0.8125,1.9375,-0.84375
1695903986561,-0.37231445,-0.93170166,0.13494873,-1.359375,-0.015625,-0.03125
1695903986606,-0.37890625,-0.93170166,0.13421631,1.3125,1.046875,-1.0
1695903986636,-0.37280273,-0.94195557,0.13934326,1.828125,0.4375,0.375
1695903986681,-0.37182617,-0.9282837,0.13787842,0.15625,1.078125,-0.15625
1695903986711,-0.37646484,-0.9302368,0.13812256,1.0625,0.140625,-0.171875
1695903986756,-0.3725586,-0.9390259,0.1359253,1.53125,0.734375,0.484375
1695903986801,-0.3791504,-0.9277954,0.14935303,0.3125,0.78125,0.84375
1695903986831,-0.34472656,-0.940979,0.1293335,-1.421875,0.78125,1.3125
1695903986876,-0.37304688,-0.928772,0.13104248,-0.84375,0.578125,0.671875
1695903986921,-0.35498047,-0.92974854,0.13397217,-1.53125,1.140625,-0.328125
1695903986951,-0.37548828,-0.94537354,0.15081787,1.234375,1.09375,0.109375
1695903986996,-0.35546875,-0.9143677,0.12860107,0.25,1.0,-0.234375
1695903987041,-0.37524414,-0.9536743,0.1461792,1.984375,0.875,0.5
1695903987071,-0.35083008,-0.91973877,0.13446045,-0.125,0.65625,0.265625
1695903987116,-0.37182617,-0.9260864,0.1383667,-1.078125,0.109375,0.09375
1695903987146,-0.36157227,-0.9404907,0.12200928,-0.4375,0.78125,-0.53125
1695903987191,-0.38110352,-0.92510986,0.14202881,-0.71875,1.78125,-0.25
1695903987240,-0.3491211,-0.95196533,0.13641357,0.6875,0.578125,0.1875
1695903987266,-0.38012695,-0.9170532,0.15472412,3.390625,-0.09375,0.515625
1695903987312,-0.33447266,-0.94366455,0.117126465,1.15625,2.46875,-0.03125
1695903987356,-0.3720703,-0.93414307,0.1473999,1.671875,0.828125,0.109375
1695903987386,-0.37426758,-0.93951416,0.1473999,-1.46875,-0.109375,0.421875
1695903987431,-0.3425293,-0.92266846,0.1383667,-1.65625,1.53125,-1.125
1695903987476,-0.38330078,-0.9690552,0.14813232,-0.109375,1.21875,-0.453125
1695903987506,-0.3564453,-0.91607666,0.14666748,0.9375,0.96875,-0.390625
1695903987551,-0.37646484,-0.9380493,0.14154053,-4.34375,1.25,-2.0
1695903987582,-0.32373047,-0.92266846,0.15447998,3.640625,-1.84375,-3.75
1695903987626,-0.4104004,-0.9561157,0.16326904,4.375,-3.421875,0.171875
1695903987671,-0.36572266,-0.9209595,0.124938965,3.5625,-6.453125,-0.984375
1695903987701,-0.3400879,-0.9776001,0.13616943,1.78125,-4.125,-1.6875
1695903987746,-0.36010742,-0.91241455,0.06976318,0.578125,-4.484375,0.171875
1695903987791,-0.36767578,-0.93096924,0.10614014,1.234375,-2.890625,-0.015625
1695903987822,-0.37036133,-0.92144775,0.12054443,1.109375,-1.328125,0.546875
1695903987866,-0.32983398,-0.9109497,0.09539795,-3.078125,1.0,1.21875
1695903987896,-0.40429688,-0.9546509,0.12884521,-1.96875,0.734375,0.6875
1695903987941,-0.38012695,-0.93170166,0.13641357,-0.90625,1.671875,0.234375
1695903987986,-0.3713379,-0.9312134,0.08660889,0.234375,3.9375,0.125
1695903988016,-0.3815918,-0.9463501,0.14544678,-0.390625,2.609375,0.84375
1695903988061,-0.3684082,-0.9216919,0.13470459,-0.90625,1.546875,1.0625
1695903988106,-0.37304688,-0.9495239,0.12030029,-0.21875,3.90625,0.1875
1695903988136,-0.36132812,-0.93707275,0.124938965,0.546875,4.046875,0.421875
1695903988181,-0.3713379,-0.97906494,0.13494873,-0.03125,2.375,0.203125
1695903988226,-0.33618164,-0.9024048,0.11810303,-2.6875,3.625,0.09375
1695903988256,-0.3762207,-0.942688,0.13275146,-1.796875,3.125,-0.328125
1695903988301,-0.36254883,-0.95513916,0.14666748,1.3125,2.65625,-0.0625
1695903988333,-0.3359375,-0.8982544,0.13226318,0.59375,1.1875,1.09375
1695903988376,-0.34570312,-0.9553833,0.1552124,-1.203125,0.0,-1.40625
1695903988421,-0.3815918,-0.92510986,0.1227417,-1.1875,2.421875,-0.625
1695903988451,-0.35766602,-0.9776001,0.1539917,2.8125,0.390625,-0.53125
1695903988496,-0.35546875,-0.92852783,0.12567139,-2.421875,0.96875,0.75
1695903988541,-0.34960938,-0.9290161,0.13275146,-7.953125,2.921875,-0.734375
1695903988571,-0.3564453,-0.92144775,0.15960693,-3.40625,4.59375,0.28125
1695903988616,-0.3791504,-0.9692993,0.18426514,-2.15625,1.109375,0.015625
1695903988661,-0.30541992,-0.8706665,0.18304443,1.296875,2.59375,2.984375
1695903988692,-0.40185547,-0.9834595,0.18988037,0.109375,-1.59375,0.296875
1695903988737,-0.31518555,-0.8689575,0.12200928,1.953125,2.921875,-2.453125
1695903988767,-0.3791504,-1.0117798,0.17010498,2.53125,1.15625,1.765625
1695903988811,-0.36791992,-0.9109497,0.1149292,-0.90625,-0.4375,-0.59375
1695903988871,-0.32666016,-0.95928955,0.1720581,2.71875,2.96875,0.25
1695903988886,-0.33666992,-0.9541626,0.18743896,2.515625,-1.4375,-0.21875
1695903988931,-0.359375,-0.87335205,0.13861084,4.234375,0.984375,0.046875
1695903988976,-0.3310547,-0.9512329,0.12640381,2.3125,1.125,-0.390625
1695903989006,-0.35058594,-0.9302368,0.12957764,1.171875,0.21875,0.265625
1695903989052,-0.3725586,-0.9536743,0.14691162,-3.0,3.375,-1.890625
1695903989081,-0.33544922,-0.92681885,0.1593628,2.359375,3.71875,0.421875
1695903989141,-0.35498047,-0.95440674,0.101257324,-0.796875,2.3125,-0.390625
1695903989171,-0.3359375,-0.9451294,0.13690186,-0.984375,1.53125,1.1875
1695903989201,-0.359375,-0.925354,0.14715576,-1.90625,0.84375,0.515625
1695903989246,-0.35913086,-0.96343994,0.17108154,-2.828125,4.984375,-3.609375
1695903989291,-0.38452148,-0.9859009,0.17889404,2.09375,0.890625,-2.375
1695903989321,-0.36035156,-0.9500122,0.17889404,-2.3125,0.90625,-4.671875
1695903989366,-0.3474121,-0.8789673,0.14031982,-2.328125,-7.3125,-6.34375
1695903989411,-0.34228516,-0.93292236,0.15960693,3.53125,-4.484375,-1.4375
1695903989442,-0.39233398,-0.9776001,0.16131592,8.984375,-6.5625,-0.96875
1695903989486,-0.35888672,-0.8875122,0.121032715,3.359375,-11.28125,-2.6875
1695903989517,-0.30078125,-0.97979736,0.06878662,-7.359375,-3.09375,-4.5625
1695903989562,-0.39672852,-0.9158325,0.09710693,-0.3125,-4.71875,-0.890625
1695903989606,-0.39013672,-0.91241455,0.11981201,3.453125,-4.75,-1.203125
1695903989636,-0.35986328,-0.9338989,0.12567139,1.71875,0.984375,-1.46875
1695903989681,-0.3955078,-0.928772,0.12176514,-0.421875,0.953125,1.171875
1695903989726,-0.39257812,-0.9343872,0.14813232,-1.859375,2.671875,-1.28125
1695903989756,-0.3930664,-0.91656494,0.11199951,-1.625,4.453125,-0.40625
1695903989802,-0.39746094,-0.9492798,0.12347412,0.390625,4.140625,0.875
1695903989846,-0.39257812,-0.9487915,0.17156982,2.140625,3.5,1.0
1695903989891,-0.36035156,-0.88726807,0.10858154,-1.421875,3.796875,0.640625
1695903989921,-0.37182617,-0.9404907,0.14154053,0.078125,3.8125,-0.515625
1695903989951,-0.39160156,-0.94854736,0.1449585,3.46875,2.40625,0.78125
1695903989996,-0.38549805,-0.91192627,0.1437378,1.46875,0.53125,0.4375
1695903990041,-0.32836914,-0.9402466,0.11883545,-1.046875,2.25,-0.953125
1695903990073,-0.40039062,-0.923645,0.15106201,0.359375,2.75,0.796875
1695903990118,-0.39990234,-0.94854736,0.14544678,-0.578125,1.734375,0.3125
1695903990161,-0.36132812,-0.90509033,0.12249756,-0.796875,2.90625,0.625
1695903990191,-0.35375977,-0.9365845,0.137146,-0.265625,2.53125,-1.171875
1695903990236,-0.37597656,-0.9507446,0.14422607,0.359375,2.6875,0.34375
1695903990281,-0.40307617,-0.91119385,0.16351318,0.46875,-0.46875,0.203125
1695903990311,-0.3413086,-0.9595337,0.14471436,0.484375,3.875,-0.90625
1695903990356,-0.3383789,-0.9343872,0.1293335,3.53125,4.453125,0.75
1695903990386,-0.39672852,-0.9368286,0.15570068,2.421875,3.375,-0.59375
1695903990431,-0.3630371,-0.89849854,0.13763428,-1.25,-0.015625,1.125
1695903990476,-0.39208984,-0.9885864,0.17034912,0.859375,1.640625,-1.390625
1695903990506,-0.35473633,-0.89508057,0.12738037,0.15625,2.5625,-2.25
1695903990551,-0.36889648,-0.928772,0.1408081,-0.046875,3.5625,0.15625
1695903990596,-0.37695312,-0.96221924,0.1383667,-2.1875,0.8125,-1.328125
1695903990626,-0.38916016,-0.90167236,0.18255615,-1.859375,1.859375,-0.375
1695903990671,-0.36376953,-0.91070557,0.11517334,-6.390625,3.1875,-3.125
1695903990701,-0.34301758,-0.954895,0.15350342,-0.21875,0.03125,-0.9375
1695903990761,-0.38110352,-0.91973877,0.15692139,-1.609375,0.3125,-1.828125
1695903990791,-0.35058594,-0.92510986,0.17547607,-0.796875,-0.765625,-1.015625
1695903990821,-0.41430664,-0.92803955,0.22406006,-2.546875,-0.078125,-2.59375
1695903990866,-0.3605957,-0.94659424,0.105163574,-2.65625,-0.640625,-0.59375
1695903990911,-0.38598633,-0.91192627,0.16522217,-0.671875,0.5625,1.546875
1695903990941,-0.4020996,-0.9282837,0.2321167,1.671875,-2.109375,1.15625
1695903991001,-0.32617188,-0.8882446,0.11248779,-1.578125,0.765625,-1.4375
1695903991031,-0.36328125,-0.960022,0.17156982,0.359375,-1.5,2.84375
1695903991061,-0.35327148,-0.9048462,0.12030029,2.109375,-1.6875,0.75
1695903991107,-0.34155273,-0.9365845,0.18426514,-0.046875,0.84375,1.859375
1695903991136,-0.44506836,-0.9534302,0.18719482,-2.328125,0.59375,0.9375
1695903991181,-0.39086914,-0.9639282,0.24945068,0.03125,3.203125,-1.25
1695903991226,-0.45043945,-0.95562744,0.19940186,-3.8125,-3.859375,-3.484375
1695903991256,-0.2722168,-0.864563,0.2230835,0.8125,-7.984375,-6.484375
1695903991301,-0.33032227,-0.95880127,0.12982178,-10.578125,-8.421875,-2.015625
1695903991346,-0.46362305,-0.87823486,0.17840576,-6.046875,-6.5,1.296875
1695903991376,-0.36010742,-0.89385986,0.13763428,-4.734375,-9.453125,-2.0625
1695903991421,-0.3894043,-0.9192505,0.19866943,-1.109375,-13.296875,-2.5
1695903991466,-0.39379883,-0.97857666,0.1696167,2.8125,-8.828125,3.9375
1695903991496,-0.37109375,-0.8682251,0.121520996,4.53125,-5.171875,3.640625
1695903991541,-0.41064453,-0.91241455,0.18304443,2.734375,-6.046875,2.484375
1695903991582,-0.3527832,-0.90509033,0.12738037,-0.046875,-1.421875,3.59375
1695903991616,-0.42260742,-0.940979,0.15814209,-3.6875,-2.03125,2.078125
1695903991661,-0.38232422,-0.909729,0.16473389,-4.453125,0.078125,1.3125
1695903991692,-0.38110352,-0.93341064,0.16351318,-0.796875,3.046875,0.875
1695903991736,-0.40551758,-0.94415283,0.1954956,0.546875,-0.28125,1.390625
1695903991781,-0.3972168,-0.9043579,0.1774292,1.125,-0.9375,0.53125
1695903991812,-0.35009766,-0.91119385,0.1552124,0.328125,3.484375,0.21875
1695903991856,-0.4177246,-0.93170166,0.17938232,2.5625,0.265625,-0.328125
1695903991886,-0.3713379,-0.92071533,0.2062378,1.421875,-2.34375,-0.734375
1695903991931,-0.3527832,-0.9072876,0.13470459,-1.828125,1.4375,-1.328125
1695903991976,-0.40405273,-0.92681885,0.14764404,2.421875,2.421875,-1.96875
1695903992006,-0.3762207,-0.9463501,0.18743896,2.96875,1.125,-0.46875
1695903992051,-0.37719727,-0.9038696,0.14447021,1.640625,2.28125,0.390625
1695903992096,-0.37573242,-0.9216919,0.15374756,0.1875,6.953125,-0.375
1695903992126,-0.38598633,-0.9072876,0.19793701,3.28125,8.484375,0.953125
1695903992171,-0.36523438,-0.9561157,0.18499756,3.984375,2.265625,3.328125
1695903992216,-0.37963867,-0.90289307,0.15545654,0.796875,-0.765625,1.40625
1695903992246,-0.33764648,-0.9534302,0.14398193,2.421875,1.546875,1.171875
1695903992291,-0.38964844,-0.92144775,0.16253662,3.25,-1.46875,0.921875
1695903992333,-0.35253906,-0.9673462,0.12957764,3.421875,4.125,0.140625
1695903992366,-0.3503418,-0.93292236,0.15325928,2.0625,1.703125,0.984375
1695903992411,-0.35351562,-0.94244385,0.13446045,-1.28125,-1.171875,-0.3125
1695903992441,-0.38476562,-0.9324341,0.17718506,-0.828125,1.03125,0.421875
1695903992486,-0.37768555,-0.9314575,0.17181396,0.109375,-0.84375,0.40625
1695903992531,-0.3527832,-0.9429321,0.14569092,-6.15625,-0.609375,-0.796875
1695903992561,-0.3947754,-0.9385376,0.11785889,-3.78125,3.015625,0.765625
1695903992606,-0.32763672,-0.93170166,0.1630249,1.15625,1.84375,-1.15625
1695903992681,-0.31689453,-0.96759033,0.13934326,-3.3125,0.65625,0.1875
1695903992684,-0.3239746,-0.93096924,0.16204834,-0.859375,-0.71875,0.6875
1695903992726,-0.40478516,-0.93096924,0.16156006,-5.03125,-0.4375,-1.53125
1695903992756,-0.36450195,-0.9234009,0.22113037,-2.9375,2.421875,-4.296875
1695903992801,-0.35668945,-0.90045166,0.15130615,3.015625,1.484375,0.796875
1695903992846,-0.3779297,-0.96881104,0.16644287,-1.1875,-2.234375,1.40625
1695903992877,-0.3791504,-0.9060669,0.20355225,-1.203125,-0.078125,2.875
1695903992921,-0.30395508,-0.92388916,0.105407715,2.1875,0.671875,0.140625
1695903992966,-0.37304688,-0.8960571,0.19134521,-4.765625,-2.9375,2.109375
1695903993004,-0.33325195,-0.97857666,0.20013428,-0.03125,-2.25,-1.09375
1695903993042,-0.39624023,-0.94415283,0.21820068,-0.25,0.015625,-2.140625
1695903993071,-0.46972656,-0.9717407,0.26239014,-4.015625,-7.390625,-5.609375
1695903993116,-0.23754883,-0.9089966,0.13397217,-12.15625,-5.5625,-12.234375
1695903993161,-0.3474121,-0.9026489,0.17352295,-6.09375,-4.828125,-0.4375
1695903993191,-0.41748047,-0.8521118,0.14398193,3.46875,-6.203125,-2.390625
1695903993236,-0.43115234,-0.9277954,0.17694092,3.09375,-10.234375,-1.421875
1695903993281,-0.2849121,-0.9639282,0.14715576,1.546875,-3.4375,-0.25
1695903993311,-0.3737793,-0.91363525,0.15863037,4.484375,-2.484375,1.953125
1695903993356,-0.4177246,-0.880188,0.15716553,4.046875,-2.828125,1.25
1695903993401,-0.35888672,-0.9155884,0.14544678,-0.296875,0.0,1.6875
1695903993431,-0.41674805,-0.92071533,0.19866943,1.484375,-3.171875,2.515625
1695903993476,-0.38891602,-0.9102173,0.14447021,-1.0625,0.609375,1.234375
1695903993506,-0.38500977,-0.9768677,0.18109131,1.5,0.984375,2.203125
1695903993551,-0.39111328,-0.9163208,0.14691162,2.4375,0.921875,2.125
1695903993597,-0.3413086,-0.9414673,0.14715576,0.453125,1.515625,0.4375
1695903993627,-0.38427734,-0.9356079,0.14691162,-0.21875,0.953125,0.203125
1695903993671,-0.3569336,-0.954895,0.16107178,1.46875,2.453125,-0.6875
1695903993716,-0.36987305,-0.9390259,0.18377686,-0.71875,-3.21875,0.171875
1695903993748,-0.35058594,-0.89801025,0.13885498,-4.859375,1.734375,-1.140625
1695903993791,-0.37451172,-0.9312134,0.13787842,1.40625,2.21875,0.375
1695903993841,-0.38110352,-0.92974854,0.18377686,3.640625,0.734375,1.4375
1695903993867,-0.35229492,-0.92388916,0.15985107,2.296875,2.234375,1.15625
1695903993914,-0.35888672,-0.9229126,0.12835693,0.40625,-0.109375,1.015625
1695903993941,-0.36035156,-0.94732666,0.16546631,2.71875,2.71875,-0.09375
1695903994001,-0.36743164,-0.9458618,0.15081787,4.015625,0.484375,1.8125
1695903994031,-0.35351562,-0.9221802,0.13739014,2.109375,1.703125,-0.078125
1695903994061,-0.33129883,-0.9307251,0.14007568,1.859375,1.25,0.515625
1695903994106,-0.3647461,-0.94903564,0.15008545,5.25,0.421875,-0.171875
1695903994151,-0.3720703,-0.928772,0.15032959,4.84375,-0.78125,1.984375
1695903994181,-0.37451172,-0.9360962,0.11175537,-0.6875,-0.390625,-1.234375
1695903994226,-0.32495117,-0.9314575,0.14935303,1.484375,0.84375,-0.578125
1695903994271,-0.37329102,-0.96881104,0.11248779,1.5,-0.140625,0.59375
1695903994301,-0.36206055,-0.9109497,0.13787842,1.078125,-0.296875,-0.921875
1695903994347,-0.3330078,-0.9194946,0.12225342,-1.640625,-0.75,0.546875
1695903994421,-0.36865234,-0.9573364,0.12249756,-3.359375,1.40625,-0.625
1695903994423,-0.31176758,-0.9607544,0.13421631,-0.453125,1.0625,1.625
1695903994467,-0.34960938,-0.925354,0.12713623,0.265625,-2.1875,1.90625
1695903994496,-0.31860352,-0.9668579,0.12347412,-3.078125,-1.703125,0.875
1695903994541,-0.34985352,-0.90948486,0.13665771,-3.859375,-1.78125,0.140625
1695903994596,-0.34448242,-0.9817505,0.19451904,-3.125,-4.0625,1.890625
1695903994616,-0.35595703,-0.9282837,0.14837646,-9.078125,-5.34375,-2.0
1695903994661,-0.3623047,-0.9595337,0.18743896,-13.234375,-4.125,-1.421875
1695903994691,-0.35058594,-0.9060669,0.16131592,-20.09375,-11.75,-5.6875
1695903994736,-0.28149414,-0.93951416,0.15985107,-10.03125,-7.0,-4.203125
1695903994781,-0.40576172,-0.9067993,0.20135498,-0.15625,-6.859375,0.34375
1695903994812,-0.37841797,-0.9546509,0.20501709,0.046875,-13.75,-0.203125
1695903994856,-0.31933594,-0.92144775,0.17547607,-1.625,-15.328125,0.703125
1695903994901,-0.39794922,-0.93292236,0.15032959,0.671875,-9.328125,0.875
1695903994931,-0.36547852,-0.9180298,0.15203857,1.25,-6.25,0.4375
1695903994976,-0.39379883,-0.9002075,0.18060303,0.3125,-4.125,2.765625
1695903995052,-0.3984375,-0.95025635,0.13446045,-3.515625,-0.03125,1.921875
1695903995054,-0.3798828,-0.91192627,0.18377686,0.40625,-0.984375,2.0625
1695903995096,-0.35961914,-0.9282837,0.1605835,-1.203125,0.078125,0.03125
1695903995126,-0.36938477,-0.95806885,0.17327881,3.40625,-0.71875,2.625
1695903995171,-0.39086914,-0.91412354,0.1876831,1.546875,-0.953125,1.65625
1695903995216,-0.3371582,-0.93292236,0.1671753,0.65625,0.8125,1.34375
1695903995246,-0.39794922,-0.9055786,0.15252686,-0.03125,0.9375,0.078125
1695903995294,-0.36987305,-0.9727173,0.19818115,1.8125,-0.078125,-0.125
1695903995336,-0.34765625,-0.8772583,0.13031006,-3.171875,0.703125,0.515625
1695903995366,-0.3581543,-0.95391846,0.17279053,-4.796875,-0.25,-1.125
1695903995411,-0.35327148,-0.9212036,0.16595459,-4.140625,1.046875,-1.375
1695903995456,-0.38085938,-0.9458618,0.1918335,-0.046875,-0.65625,-0.40625
1695903995486,-0.33642578,-0.92559814,0.17889404,-1.390625,-0.125,0.078125
1695903995531,-0.37597656,-0.9273071,0.17596436,-0.234375,0.390625,-0.328125
1695903995561,-0.36743164,-0.94976807,0.19573975,1.84375,0.78125,-0.28125
1695903995606,-0.3647461,-0.92266846,0.16912842,0.671875,-0.734375,1.421875
1695903995651,-0.36938477,-0.94732666,0.2062378,0.484375,0.765625,-0.296875
1695903995681,-0.35791016,-0.93463135,0.14813232,0.6875,0.84375,2.078125
1695903995726,-0.39501953,-0.9421997,0.19989014,0.625,-1.625,0.609375
1695903995771,-0.32080078,-0.92803955,0.17254639,2.375,0.625,0.90625
1695903995801,-0.3630371,-0.94000244,0.15765381,-1.59375,1.0625,-0.078125
1695903995846,-0.3544922,-0.94244385,0.19940186,2.375,-0.234375,-0.125
1695903995877,-0.36547852,-0.9260864,0.18719482,0.546875,-0.40625,0.359375
1695903995921,-0.34350586,-0.93951416,0.16033936,-1.328125,0.578125,-0.78125
1695903995966,-0.36328125,-0.96759033,0.17327881,-0.28125,0.640625,0.640625
1695903995996,-0.35302734,-0.9290161,0.17938232,1.140625,0.703125,-0.171875
1695903996058,-0.35791016,-0.93170166,0.17938232,0.171875,0.828125,0.453125
1695903996086,-0.3630371,-0.9302368,0.17230225,-1.09375,0.46875,0.25
1695903996117,-0.34301758,-0.9456177,0.168396,0.421875,2.921875,-0.515625
1695903996161,-0.35717773,-0.9314575,0.1864624,0.640625,0.140625,1.71875
1695903996206,-0.34521484,-0.9373169,0.17327881,-1.671875,0.953125,1.484375
1695903996237,-0.3852539,-0.9312134,0.19915771,-0.59375,-0.921875,-1.1875
1695903996281,-0.3642578,-0.9277954,0.20428467,0.53125,-1.625,-3.015625
1695903996311,-0.33862305,-0.95684814,0.17718506,-8.171875,-3.203125,-7.21875
1695903996371,-0.32885742,-0.9456177,0.17889404,0.8125,-0.734375,-1.671875
1695903996401,-0.3894043,-0.90704346,0.19036865,5.34375,-3.53125,-1.75
1695903996431,-0.35424805,-0.9546509,0.19647217,3.890625,-6.21875,-2.046875
1695903996476,-0.34326172,-0.93341064,0.18109131,1.484375,-9.859375,-1.296875
1695903996521,-0.4025879,-0.8999634,0.13470459,4.765625,-6.421875,1.015625
1695903996551,-0.33325195,-0.9390259,0.10394287,4.40625,-3.359375,-0.734375
1695903996596,-0.36791992,-0.92437744,0.14691162,3.34375,-0.171875,1.4375
1695903996642,-0.35913086,-0.9282837,0.13348389,2.296875,-0.265625,1.25
1695903996671,-0.37451172,-0.93707275,0.1281128,1.28125,1.5625,1.421875
1695903996716,-0.34155273,-0.92633057,0.16644287,4.109375,-0.3125,1.0625
1695903996746,-0.33544922,-0.94659424,0.11785889,-0.6875,1.734375,-0.0625
1695903996791,-0.36987305,-0.9265747,0.1305542,1.0,-1.0,-0.828125
1695903996836,-0.36157227,-0.95977783,0.15496826,-0.46875,0.484375,0.421875
1695903996867,-0.35742188,-0.9336548,0.121276855,-0.828125,-0.671875,-1.0
1695903996911,-0.36206055,-0.92071533,0.1395874,-0.484375,0.9375,0.421875
1695903996956,-0.38305664,-0.96343994,0.15374756,0.546875,-0.8125,-0.59375
1695903996986,-0.36914062,-0.9326782,0.13006592,0.1875,0.109375,0.4375
1695903997031,-0.35375977,-0.9265747,0.14642334,3.03125,-0.015625,-0.53125
1695903997061,-0.37182617,-0.9390259,0.11907959,0.625,2.3125,0.15625
1695903997106,-0.3762207,-0.93878174,0.1539917,2.421875,0.390625,0.015625
1695903997151,-0.3618164,-0.9282837,0.14447021,0.09375,0.15625,1.0
1695903997181,-0.35742188,-0.9204712,0.11566162,-1.328125,0.453125,0.828125
1695903997226,-0.3618164,-0.95318604,0.11810303,-1.75,3.671875,-0.421875
1695903997271,-0.36767578,-0.94854736,0.15228271,2.53125,1.25,1.0625
1695903997301,-0.35058594,-0.9092407,0.1359253,-0.109375,2.359375,1.015625
1695903997346,-0.34985352,-0.94537354,0.12347412,0.125,1.453125,1.046875
1695903997391,-0.3486328,-0.94781494,0.15716553,0.5625,-0.03125,-0.09375
1695903997423,-0.35864258,-0.9451294,0.13861084,-0.09375,-0.375,0.921875
1695903997466,-0.34521484,-0.93218994,0.13983154,-0.6875,-1.109375,0.078125
1695903997497,-0.3544922,-0.9524536,0.12957764,-1.25,-0.0625,-0.734375
1695903997541,-0.35375977,-0.95098877,0.15594482,1.609375,-2.078125,-0.453125
1695903997586,-0.38793945,-0.8899536,0.12615967,-1.109375,-1.328125,0.078125
1695903997616,-0.34570312,-0.9668579,0.12249756,-1.6875,0.234375,-1.5
1695903997661,-0.37548828,-0.9199829,0.13909912,-0.734375,-1.296875,0.203125
1695903997706,-0.36206055,-0.9456177,0.1251831,-2.203125,-0.046875,0.203125
1695903997736,-0.35913086,-0.93048096,0.152771,-0.671875,-0.015625,-0.03125
1695903997781,-0.37548828,-0.913147,0.12322998,-2.140625,2.171875,-0.5625
1695903997826,-0.34277344,-0.97491455,0.12786865,-2.078125,4.203125,-0.375
1695903997856,-0.3486328,-0.8999634,0.14349365,-0.40625,3.984375,2.1875
1695903997901,-0.35107422,-0.93096924,0.1696167,1.875,3.71875,0.015625
1695903997933,-0.38085938,-0.9500122,0.18792725,1.546875,2.1875,-0.234375
1695903997976,-0.3310547,-0.940979,0.13519287,2.09375,0.203125,-1.171875
1695903998021,-0.35595703,-0.91729736,0.16864014,-1.21875,-0.640625,-0.875
1695903998054,-0.34423828,-0.94195557,0.16473389,-0.078125,-3.75,-1.4375
1695903998096,-0.34057617,-0.9517212,0.15057373,0.0,-4.609375,-2.125
1695903998141,-0.3786621,-0.96173096,0.14349365,3.390625,-5.78125,-0.5
1695903998172,-0.35253906,-0.92266846,0.1395874,3.34375,-7.3125,-0.609375
1695903998216,-0.3557129,-0.9529419,0.121520996,2.890625,-6.046875,-0.984375
1695903998246,-0.34472656,-0.940979,0.10003662,2.875,-1.28125,0.65625
1695903998292,-0.35791016,-0.9365845,0.10028076,2.640625,-0.171875,0.546875
1695903998336,-0.3449707,-0.909729,0.11151123,1.796875,1.0625,1.65625
1695903998366,-0.35205078,-0.94976807,0.12957764,-2.390625,2.96875,0.734375
1695903998412,-0.38061523,-0.9390259,0.15106201,-2.234375,0.859375,0.5625
1695903998456,-0.34057617,-0.9480591,0.11004639,-0.90625,4.03125,-0.765625
1695903998486,-0.36083984,-0.94854736,0.12176514,1.734375,2.484375,-0.34375
1695903998531,-0.35424805,-0.95196533,0.1161499,1.296875,4.875,-1.484375
1695903998591,-0.35546875,-0.9475708,0.11981201,-0.375,4.59375,0.828125
1695903998606,-0.3581543,-0.90997314,0.14813232,-0.234375,3.0625,-0.09375
1695903998652,-0.33154297,-0.954895,0.11956787,0.734375,4.6875,-2.28125
1695903998681,-0.35253906,-0.95562744,0.14349365,3.984375,3.6875,0.25
1695903998726,-0.3605957,-0.9302368,0.13470459,-0.484375,2.96875,-0.796875
1695903998772,-0.35180664,-0.9602661,0.13787842,-0.828125,3.484375,-0.5625
1695903998801,-0.35668945,-0.9282837,0.12762451,-1.640625,3.265625,-0.828125
1695903998846,-0.33789062,-0.9524536,0.12567139,0.96875,3.359375,-1.453125
1695903998892,-0.35375977,-0.9590454,0.16888428,2.25,2.28125,0.4375
1695903998921,-0.3371582,-0.92388916,0.10760498,0.8125,3.171875,-0.140625
1695903998966,-0.35302734,-0.94366455,0.14007568,2.140625,2.15625,0.03125
1695903999041,-0.3305664,-0.96173096,0.13372803,1.734375,2.03125,-0.59375
1695903999056,-0.36010742,-0.911438,0.13372803,2.21875,0.84375,0.640625
1695903999087,-0.33374023,-0.9690552,0.1251831,2.84375,2.78125,0.234375
1695903999117,-0.3540039,-0.93927,0.1071167,3.265625,2.0625,0.109375
1695903999161,-0.34326172,-0.9299927,0.11102295,-2.640625,4.5,0.828125
1695903999206,-0.3557129,-0.9175415,0.15838623,-1.53125,2.15625,1.125
1695903999237,-0.3815918,-0.99176025,0.14642334,1.453125,1.921875,-1.328125
1695903999281,-0.3305664,-0.9104614,0.12200928,2.265625,3.578125,1.0
1695903999327,-0.32788086,-0.9487915,0.11907959,0.75,3.453125,0.859375
1695903999357,-0.35742188,-0.9624634,0.1720581,-3.5,0.171875,-0.4375
1695903999401,-0.36523438,-0.90704346,0.12664795,-2.296875,-0.015625,-0.453125
1695903999447,-0.3227539,-0.93218994,0.13934326,-3.625,0.671875,-1.921875
1695903999477,-0.37353516,-0.9463501,0.1515503,-5.9375,0.203125,-0.375
1695903999521,-0.35620117,-0.9241333,0.15447998,-2.5625,-1.4375,-0.546875
1695903999551,-0.33276367,-0.9224243,0.16131592,3.75,1.078125,-2.6875
1695903999596,-0.37573242,-0.9973755,0.19134521,0.265625,-2.5,-3.078125
1695903999641,-0.30688477,-0.87701416,0.1317749,-0.703125,-1.671875,-2.75
1695903999672,-0.34448242,-0.92437744,0.1593628,5.078125,-7.4375,-1.390625
1695903999716,-0.40161133,-0.956604,0.15716553,4.78125,-6.0,-2.515625
1695903999761,-0.38110352,-0.9260864,0.12982178,2.140625,-6.734375,-1.640625
1695903999791,-0.3388672,-0.94903564,0.06732178,-0.03125,-4.34375,-2.390625
1695903999836,-0.36010742,-0.9417114,0.11859131,1.5,-5.4375,-0.859375
1695903999866,-0.38232422,-0.9324341,0.11053467,0.78125,-2.59375,-0.015625
1695903999911,-0.36035156,-0.91729736,0.11566162,0.484375,-2.390625,-0.46875
1695903999956,-0.38867188,-0.9546509,0.116882324,-0.5,-1.03125,0.171875
1695903999986,-0.36108398,-0.9155884,0.07904053,-0.296875,2.515625,1.8125
1695904000031,-0.3737793,-0.94903564,0.12176514,-0.140625,3.46875,2.34375
1695904000076,-0.3659668,-0.96099854,0.15545654,-2.40625,3.203125,0.921875
1695904000106,-0.3479004,-0.9277954,0.094177246,-1.59375,3.390625,-0.28125
1695904000151,-0.3828125,-0.92559814,0.14154053,4.90625,1.6875,1.625
1695904000196,-0.33862305,-0.93756104,0.12786865,1.359375,1.0625,1.5
1695904000226,-0.35717773,-0.9356079,0.121520996,1.40625,-0.875,0.375
1695904000272,-0.3671875,-0.91412354,0.1161499,0.46875,3.34375,0.1875
1695904000305,-0.36254883,-0.97784424,0.1449585,1.859375,-0.171875,0.03125
1695904000346,-0.34814453,-0.9006958,0.11663818,-0.03125,-0.015625,0.40625
1695904000391,-0.3659668,-0.94610596,0.12542725,-1.46875,1.640625,-0.046875
1695904000421,-0.34765625,-0.93707275,0.10418701,-1.046875,2.125,-1.1875
1695904000466,-0.37768555,-0.93927,0.14447021,-1.984375,0.546875,0.53125
1695904000511,-0.33862305,-0.9216919,0.117370605,-0.640625,1.171875,-0.359375
1695904000541,-0.3815918,-0.9421997,0.13446045,0.40625,0.625,-0.4375
1695904000586,-0.33447266,-0.94537354,0.11053467,-0.375,1.484375,-0.25
1695904000631,-0.37036133,-0.9246216,0.13519287,1.328125,0.78125,0.296875
1695904000661,-0.3359375,-0.95928955,0.11468506,3.234375,2.171875,-0.125
1695904000706,-0.38330078,-0.93585205,0.12542725,1.796875,0.40625,0.625
1695904000736,-0.33154297,-0.9578247,0.10272217,-0.5625,1.65625,0.3125
1695904000781,-0.36157227,-0.90997314,0.1317749,-1.53125,2.03125,-0.015625
1695904000826,-0.34179688,-0.9690552,0.12567139,-0.640625,4.328125,-0.546875
1695904000856,-0.36010742,-0.9065552,0.13739014,-0.015625,-0.34375,0.765625
1695904000901,-0.35766602,-0.9312134,0.11834717,-1.28125,1.65625,-0.25
1695904000946,-0.359375,-0.9627075,0.12030029,-1.75,1.796875,-0.328125
1695904000976,-0.32470703,-0.942688,0.13275146,-0.65625,1.203125,0.203125
1695904001021,-0.3581543,-0.94488525,0.14154053,-3.09375,-0.1875,-0.34375
1695904001052,-0.3725586,-0.9221802,0.14764404,-3.09375,0.453125,-0.625
1695904001096,-0.34545898,-0.9299927,0.13372803,-3.40625,-0.84375,-2.125
1695904001142,-0.34204102,-0.9273071,0.137146,-4.921875,-2.25,-2.484375
1695904001172,-0.34204102,-0.9717407,0.13812256,2.296875,-3.640625,-3.359375
1695904001217,-0.35595703,-0.91973877,0.15496826,7.453125,-4.015625,0.015625
1695904001262,-0.3618164,-0.94537354,0.12957764,6.9375,-5.578125,-0.203125
1695904001293,-0.37353516,-0.94317627,0.11981201,2.21875,-7.921875,-1.65625
1695904001336,-0.35131836,-0.9456177,0.09564209,-0.984375,-9.953125,-1.765625
1695904001381,-0.3894043,-0.92510986,0.09979248,-1.640625,-8.28125,-1.359375
1695904001412,-0.35864258,-0.9627075,0.09100342,0.609375,-5.46875,-0.59375
1695904001456,-0.37109375,-0.9121704,0.09466553,-1.546875,-5.75,-0.46875
1695904001488,-0.36035156,-0.9507446,0.08660889,-0.625,-2.28125,-1.0
1695904001532,-0.35839844,-0.92974854,0.09051514,-0.25,0.6875,1.109375
1695904001577,-0.3623047,-0.92266846,0.078552246,0.8125,2.328125,2.15625
1695904001606,-0.3642578,-0.9517212,0.10418701,-3.5625,3.453125,1.71875
1695904001652,-0.3701172,-0.9468384,0.12591553,-1.484375,1.5,0.625
1695904001696,-0.34985352,-0.9209595,0.10662842,-1.5625,2.796875,-0.578125
1695904001727,-0.3713379,-0.97052,0.14569092,0.09375,-0.421875,0.453125
1695904001771,-0.37231445,-0.9170532,0.1227417,-2.703125,1.59375,0.109375
1695904001816,-0.32470703,-0.9360962,0.1161499,0.671875,2.765625,-0.125
1695904001847,-0.39770508,-0.93634033,0.12982178,1.234375,0.796875,-0.609375
1695904001892,-0.36279297,-0.944397,0.13275146,2.328125,1.3125,0.46875
1695904001921,-0.36157227,-0.9248657,0.11444092,0.125,2.21875,-0.28125
1695904001966,-0.3479004,-0.93878174,0.11566162,0.28125,2.890625,-0.75
1695904002012,-0.37231445,-0.9495239,0.12713623,0.578125,1.6875,-0.8125
1695904002041,-0.36621094,-0.9182739,0.1359253,-0.921875,0.96875,0.953125
1695904002087,-0.33081055,-0.93414307,0.10369873,-1.484375,1.703125,-1.515625
1695904002132,-0.36669922,-0.9373169,0.10687256,-1.59375,2.171875,0.328125
1695904002161,-0.35717773,-0.9546509,0.14227295,0.3125,1.25,-0.03125
1695904002206,-0.3540039,-0.9116821,0.12225342,-0.0625,-0.40625,1.25
1695904002237,-0.3486328,-0.954895,0.116882324,-1.25,2.015625,-0.890625
1695904002281,-0.34936523,-0.94244385,0.12371826,-0.234375,1.203125,0.09375
1695904002326,-0.35620117,-0.9446411,0.137146,0.78125,-0.921875,0.671875
1695904002357,-0.35620117,-0.9343872,0.12567139,0.265625,1.484375,0.3125
1695904002401,-0.35302734,-0.9492798,0.12030029,0.28125,0.296875,-0.515625
1695904002447,-0.3503418,-0.9299927,0.1329956,0.09375,-0.6875,0.75
1695904002477,-0.36523438,-0.9360962,0.12249756,-2.828125,1.328125,-0.0625
1695904002521,-0.35498047,-0.9338989,0.14764404,-0.484375,0.171875,-1.09375
1695904002566,-0.35986328,-0.9500122,0.14349365,1.78125,-0.953125,-0.015625
1695904002605,-0.35595703,-0.923645,0.12762451,-0.203125,0.5,-0.5
1695904002641,-0.36035156,-0.9607544,0.13690186,0.375,1.578125,-0.984375
1695904002671,-0.34643555,-0.92974854,0.1305542,-0.984375,0.328125,0.328125
