,timestamp,accel_x,accel_y,accel_z,gyro_x,gyro_y,gyro_z
0,1697605965,0.19213867,-0.9612427,0.09710693,4.34375,-6.40625,2.71875
1,1697606005,0.21508789,-0.9194946,0.09881592,2.171875,-6.671875,3.328125
2,1697606045,0.20629883,-0.97369385,0.12982178,-0.34375,-5.640625,3.125
3,1697606085,0.17675781,-1.0081177,0.12225342,-2.40625,-6.796875,3.015625
4,1697606125,0.20092773,-0.9685669,0.12371826,1.078125,-5.453125,2.421875
5,1697606165,0.1940918,-0.940979,0.11517334,0.171875,-5.46875,3.296875
6,1697606205,0.21264648,-0.9673462,0.09442139,-2.515625,-5.59375,4.640625
7,1697606245,0.21240234,-0.9949341,0.117370605,-2.5625,-4.203125,5.578125
8,1697606285,0.26245117,-0.94781494,0.109802246,-5.6875,-7.34375,5.578125
9,1697606325,0.3100586,-0.9138794,0.10784912,-2.75,-7.0,5.0
10,1697606365,0.31811523,-0.92144775,0.13983154,-2.9375,-2.4375,6.75
11,1697606405,0.31445312,-0.9055786,0.23602295,-1.53125,-7.640625,10.765625
12,1697606445,0.32202148,-0.9602661,0.21868896,-1.5625,-14.046875,13.234375
13,1697606485,0.2878418,-1.0078735,0.30145264,-1.1875,-11.921875,10.046875
14,1697606525,0.16357422,-0.960022,0.29852295,-0.421875,-11.90625,2.390625
15,1697606565,0.08984375,-0.9751587,0.23577881,0.328125,-2.5625,1.078125
16,1697606605,0.23925781,-0.89068604,0.23602295,2.84375,4.46875,3.546875
17,1697606645,0.3359375,-0.84161377,0.25213623,5.109375,-2.375,6.921875
18,1697606685,0.3010254,-0.8596802,0.2748413,3.515625,-6.578125,7.6875
19,1697606725,0.2397461,-0.9229126,0.2819214,8.15625,-10.28125,8.046875
20,1697606765,0.17138672,-0.9290161,0.27947998,8.828125,-9.140625,3.09375
21,1697606805,0.16259766,-0.9146118,0.28240967,9.34375,-0.28125,0.25
22,1697606845,0.18017578,-0.9483032,0.28363037,7.40625,4.578125,-1.890625
23,1697606885,0.17260742,-1.0137329,0.2538452,4.75,10.890625,-5.546875
24,1697606925,0.2915039,-0.9949341,0.31732178,3.53125,11.71875,-9.734375
25,1697606965,0.25317383,-1.0230103,0.29852295,-4.90625,8.640625,-12.875
26,1697607005,0.24023438,-0.95391846,0.18914795,-6.171875,9.390625,-8.9375
27,1697607045,0.51660156,-1.0335083,0.06390381,8.640625,-6.734375,-1.171875
28,1697607085,0.5817871,-1.0803833,0.10394287,-5.84375,-15.921875,11.40625
29,1697607125,0.28515625,-0.8760376,0.06390381,-8.328125,-16.015625,-7.015625
30,1697607165,0.056152344,-0.7564087,-0.04107666,1.96875,2.625,-20.21875
31,1697607205,0.19750977,-0.84454346,-0.030334473,-9.265625,2.1875,3.671875
32,1697607245,0.42529297,-1.0913696,0.040222168,-0.203125,2.953125,18.34375
33,1697607285,0.34277344,-1.0547485,0.1395874,1.703125,5.265625,-4.3125
34,1697607325,0.2290039,-0.8657837,0.20452881,-3.65625,-12.78125,-7.859375
35,1697607365,0.041015625,-0.7727661,0.070251465,-3.5,-9.484375,-1.125
36,1697607405,0.0012207031,-0.8772583,0.07122803,-1.171875,5.6875,3.515625
37,1697607445,0.16845703,-0.92926025,0.13934326,0.875,9.71875,0.3125
38,1697607485,0.2619629,-0.9898071,0.15350342,3.34375,4.8125,0.34375
39,1697607525,0.26782227,-0.98516846,0.1161499,8.953125,-1.5625,3.796875
40,1697607565,0.19091797,-0.9793091,0.10076904,2.84375,-8.984375,3.671875
41,1697607605,0.23535156,-1.0513306,0.121032715,-8.84375,-15.90625,4.25
42,1697607645,0.2919922,-1.0657349,0.16619873,-5.234375,-13.71875,-3.546875
43,1697607685,0.20092773,-1.1904907,0.027038574,-17.515625,-1.71875,-4.921875
44,1697607725,0.5378418,-1.1973267,0.09564209,0.0625,7.53125,-5.796875
45,1697607765,0.6467285,-0.6555786,0.24066162,11.71875,-22.203125,-15.921875
46,1697607805,0.29345703,-0.8755493,0.1281128,1.375,-21.28125,-1.0625
47,1697607845,-0.057861328,-1.3635864,0.08050537,-12.640625,-1.96875,0.765625
48,1697607885,0.21899414,-0.9151001,0.3036499,-4.9375,16.734375,-13.078125
49,1697607925,0.35620117,-0.62506104,0.137146,4.734375,10.25,-12.296875
50,1697607965,0.29174805,-0.61431885,0.109802246,-2.875,13.90625,3.875
51,1697608005,0.28320312,-0.7258911,0.2789917,-10.265625,6.359375,14.4375
52,1697608045,0.21557617,-0.911438,0.2819214,-4.53125,0.34375,9.625
53,1697608085,0.17016602,-0.98638916,0.25701904,0.015625,0.859375,1.859375
54,1697608125,0.11425781,-0.9089966,0.3156128,8.796875,4.0,-5.734375
55,1697608165,-0.010986328,-0.8748169,0.18988037,2.171875,12.59375,-5.96875
56,1697608205,0.34179688,-0.91973877,0.18743896,4.875,24.8125,-0.9375
57,1697608245,0.70654297,-1.0366821,0.5841675,-9.640625,-7.5625,8.171875
58,1697608285,-0.10058594,-1.4011841,0.19134521,-23.640625,-18.578125,-16.671875
59,1697608325,0.29614258,-1.427063,-0.006652832,28.046875,19.65625,-3.265625
60,1697608365,0.70532227,-0.9651489,0.10638428,7.25,-0.109375,13.34375
61,1697608405,0.515625,-0.5623169,0.005065918,-4.71875,-13.1875,4.359375
62,1697608445,0.05859375,-0.7815552,-0.065979004,-0.390625,5.15625,-8.859375
63,1697608485,0.36157227,-1.1030884,0.051940918,8.1875,0.9375,12.859375
64,1697608525,0.33618164,-1.0352173,0.2789917,5.34375,-20.484375,12.40625
65,1697608565,0.24243164,-0.7288208,-0.0049438477,15.1875,-17.453125,-9.03125
66,1697608605,0.026855469,-0.6350708,0.023620605,4.296875,-4.84375,-5.0625
67,1697608645,0.08251953,-0.8442993,0.1359253,-2.9375,-8.125,13.234375
68,1697608685,0.18115234,-1.0325317,0.04876709,13.734375,7.578125,7.28125
69,1697608725,0.28222656,-0.97784424,0.14324951,13.296875,5.140625,-5.53125
70,1697608765,0.21557617,-0.9234009,0.14324951,7.484375,-10.890625,1.90625
71,1697608805,0.15576172,-0.944397,-0.02154541,-4.734375,-18.0,11.140625
72,1697608845,0.17529297,-1.0730591,0.07196045,-8.78125,1.25,4.65625
73,1697608885,0.41064453,-1.3110962,0.21820068,0.171875,-0.265625,-10.640625
74,1697608925,0.35058594,-1.4714966,0.046569824,-12.40625,-7.765625,-3.875
75,1697608965,0.45751953,-1.0120239,-0.01739502,-1.3125,-6.796875,-9.65625
76,1697609005,0.6970215,-0.4019165,0.051208496,24.0625,-21.84375,-20.71875
77,1697609045,0.27856445,-0.83306885,0.11175537,-6.28125,-12.890625,2.5
78,1697609085,-0.15893555,-1.4588013,0.08734131,-4.34375,-2.203125,2.640625
79,1697609125,0.15332031,-0.83258057,0.18035889,4.921875,12.421875,-8.921875
80,1697609165,0.3347168,-0.48345947,0.007019043,-0.21875,12.96875,-9.0625
81,1697609205,0.31860352,-0.66900635,0.11883545,-6.328125,21.3125,3.15625
82,1697609245,0.25512695,-0.9434204,0.2501831,-9.125,9.359375,13.5625
83,1697609285,0.19702148,-0.94000244,0.23529053,-2.328125,4.71875,7.5625
84,1697609325,0.16601562,-0.92681885,0.25531006,6.921875,4.25,-2.453125
85,1697609365,0.076416016,-0.8579712,0.19329834,7.28125,3.359375,-3.484375
86,1697609405,0.06591797,-0.9221802,-0.0076293945,0.46875,20.125,-2.96875
87,1697609445,0.9147949,-1.0432739,0.39813232,7.96875,2.078125,8.234375
88,1697609485,0.08666992,-1.1008911,0.3505249,-21.140625,-27.96875,-14.5625
89,1697609525,-0.6022949,-1.765686,-0.089660645,-10.21875,7.609375,-29.4375
90,1697609565,0.94189453,-1.2249146,-0.1951294,19.8125,42.546875,3.703125
91,1697609605,0.8605957,-0.6304321,-0.02154541,-22.75,-18.625,28.265625
92,1697609645,0.16259766,-0.81622314,-0.14263916,6.1875,8.75,3.328125
93,1697609685,0.12036133,-1.2046509,0.03704834,3.34375,11.578125,-5.515625
94,1697609725,0.3071289,-1.0515747,0.276062,-14.421875,-23.4375,12.328125
95,1697609765,0.31958008,-0.6734009,-0.054260254,9.859375,-21.828125,1.578125
96,1697609805,0.08569336,-0.5310669,-0.024963379,3.46875,-3.796875,-12.890625
97,1697609845,-0.050048828,-0.81695557,0.0993042,-2.328125,-1.09375,5.09375
98,1697609885,0.14428711,-1.0774536,0.06488037,3.078125,3.03125,13.890625
99,1697609925,0.28027344,-1.0100708,0.08685303,6.546875,9.671875,-1.421875
100,1697609965,0.21728516,-0.9036255,0.13226318,-0.171875,0.359375,-5.34375
101,1697610005,0.14916992,-1.0557251,0.050720215,-6.3125,-5.703125,8.796875
102,1697610045,0.17700195,-1.052063,0.07098389,-8.40625,4.75,5.375
103,1697610085,0.44702148,-1.1812134,0.13543701,-10.59375,2.796875,-6.171875
104,1697610125,0.44726562,-1.4649048,0.093444824,-22.640625,-0.734375,-2.984375
105,1697610165,0.39819336,-0.95928955,0.05267334,2.828125,-4.546875,-15.34375
106,1697610205,0.59521484,-0.5264282,0.051208496,15.59375,-23.140625,-14.71875
107,1697610245,0.23486328,-0.81817627,0.090026855,-2.796875,-8.28125,-2.0
108,1697610285,-0.02758789,-1.3198853,0.18255615,-16.734375,-3.84375,3.265625
109,1697610325,0.17553711,-0.98394775,0.23065186,1.75,4.65625,-5.09375
110,1697610365,0.39160156,-0.58673096,0.026550293,10.296875,7.546875,-19.46875
111,1697610405,0.30273438,-0.6099243,0.13787842,-0.171875,5.71875,1.140625
112,1697610445,0.18237305,-0.8311157,0.2074585,-6.609375,1.828125,20.03125
113,1697610485,0.18676758,-0.8882446,0.23846436,-6.4375,3.546875,14.96875
114,1697610525,0.16040039,-0.9849243,0.33709717,-5.03125,0.65625,-0.671875
115,1697610565,0.028808594,-0.9819946,0.24432373,7.984375,3.21875,-7.671875
116,1697610605,0.075927734,-0.83843994,0.013122559,12.03125,20.234375,-9.609375
117,1697610645,0.90405273,-0.9661255,0.5956421,-4.28125,-16.171875,23.34375
118,1697610685,-0.08300781,-1.1746216,0.3690796,-40.3125,-36.875,-21.09375
119,1697610725,-0.8063965,-1.6814575,0.04925537,4.84375,23.75,-41.484375
120,1697610765,0.60180664,-0.96466064,-0.10845947,46.484375,24.78125,24.609375
121,1697610805,0.9929199,-0.8267212,0.031921387,-42.984375,-0.46875,35.5625
122,1697610845,0.3894043,-0.91778564,-0.0881958,2.125,8.390625,4.5
123,1697610885,-0.0041503906,-1.2246704,0.06561279,20.65625,8.578125,-25.46875
124,1697610925,0.21777344,-0.9680786,0.39056396,-12.734375,-25.453125,11.84375
125,1697610965,0.2536621,-0.6609497,-0.06085205,15.875,-7.546875,5.4375
126,1697611005,0.045166016,-0.5430298,-0.0491333,11.40625,6.96875,-11.703125
127,1697611045,0.048339844,-0.8106079,0.18231201,-0.78125,-4.234375,6.03125
128,1697611085,0.23364258,-1.0471802,0.086120605,6.4375,-2.046875,17.84375
129,1697611125,0.21240234,-1.024231,0.073913574,10.5,3.21875,4.109375
130,1697611165,0.20239258,-0.88775635,0.17547607,3.40625,-7.03125,-0.953125
131,1697611205,0.1081543,-1.053772,0.07537842,-4.5,-16.96875,9.484375
132,1697611245,0.052246094,-0.9627075,0.11004639,-5.859375,2.28125,6.84375
133,1697611285,0.24682617,-1.1519165,0.25042725,-0.203125,0.421875,-12.796875
134,1697611325,0.34887695,-1.2754517,0.19158936,-7.859375,-18.765625,-6.609375
135,1697611365,0.41137695,-1.3582153,-0.066223145,-4.75,-11.75,5.8125
136,1697611405,0.5505371,-0.72857666,0.10345459,11.671875,-8.234375,-27.0
137,1697611445,0.41186523,-0.6152954,0.061706543,9.21875,-34.6875,-11.15625
138,1697611485,-0.016357422,-1.3318481,0.04046631,-3.28125,-17.359375,5.328125
139,1697611525,0.12817383,-1.1621704,0.19110107,-7.28125,11.671875,-8.6875
140,1697611565,0.21972656,-0.63531494,0.11273193,-1.078125,2.75,-12.921875
141,1697611605,0.16064453,-0.5586548,0.06439209,-1.4375,16.640625,-5.421875
142,1697611645,0.17749023,-0.8394165,0.20965576,-11.90625,19.171875,10.359375
143,1697611685,0.18896484,-0.9158325,0.23651123,-0.765625,6.21875,15.75
144,1697611725,0.19921875,-0.90582275,0.23529053,2.109375,8.8125,1.875
145,1697611765,0.11743164,-0.9180298,0.2645874,6.671875,3.3125,-4.90625
146,1697611805,0.010498047,-0.85162354,0.19647217,9.046875,6.96875,-4.03125
147,1697611845,0.109375,-0.987854,0.13568115,15.046875,20.203125,-2.8125
148,1697611885,0.7753906,-1.1829224,0.3505249,2.515625,-13.125,18.65625
149,1697611925,0.0068359375,-1.2214966,0.24383545,-27.6875,-20.96875,-10.0
150,1697611965,-0.20605469,-1.692688,-0.08917236,18.953125,12.140625,-4.8125
151,1697612005,0.6652832,-1.0193481,0.050231934,4.75,8.0,8.296875
152,1697612045,0.37036133,-0.5852661,-0.09088135,3.25,-12.515625,-3.859375
153,1697612085,0.033935547,-0.7671509,-0.06085205,-4.0,20.3125,-1.453125
154,1697612125,0.29345703,-1.196106,-0.034484863,9.671875,5.5,3.796875
155,1697612165,0.2590332,-1.0830688,0.19378662,5.78125,-10.609375,11.8125
156,1697612205,0.14404297,-0.7271118,-0.06060791,4.140625,-5.515625,-7.796875
157,1697612245,-0.036865234,-0.63116455,-0.038146973,1.828125,9.171875,-9.546875
158,1697612285,0.1159668,-0.81915283,0.06463623,-1.96875,3.015625,11.109375
159,1697612325,0.20874023,-0.9492798,-0.007385254,7.625,9.71875,13.4375
160,1697612365,0.2565918,-0.96295166,0.09979248,4.78125,6.375,2.1875
161,1697612405,0.16235352,-0.97198486,0.078552246,-2.265625,-10.828125,3.25
162,1697612445,0.021240234,-1.0027466,-0.023254395,-15.640625,-11.125,5.890625
163,1697612485,0.13476562,-1.0974731,0.09246826,-7.15625,7.265625,-6.671875
164,1697612525,0.37329102,-1.2737427,0.20574951,-14.671875,-11.328125,-18.328125
165,1697612565,0.2241211,-1.3728638,0.020202637,-19.15625,-3.921875,-7.71875
166,1697612605,0.529541,-0.9038696,-0.0713501,0.875,1.421875,-14.34375
167,1697612645,0.7519531,-0.47540283,0.2333374,-0.671875,-24.1875,-15.390625
168,1697612685,0.09082031,-1.3870239,0.050231934,-4.3125,-33.1875,15.40625
169,1697612725,-0.13623047,-1.3408813,0.13568115,-1.328125,11.109375,-4.8125
170,1697612765,0.21191406,-0.5401001,0.1720581,9.0,18.78125,-21.34375
171,1697612805,0.27075195,-0.4055786,0.06829834,-2.703125,21.15625,-1.484375
172,1697612845,0.22265625,-0.7749634,0.15325928,-17.109375,22.828125,17.578125
173,1697612885,0.2565918,-1.0332642,0.28729248,0.578125,1.625,20.71875
174,1697612925,0.2043457,-0.8674927,0.2411499,8.515625,-2.25,-2.8125
175,1697612965,0.07885742,-0.8328247,0.24871826,7.90625,1.515625,-5.6875
176,1697613005,0.009521484,-0.9685669,0.16790771,-1.203125,8.421875,2.828125
177,1697613045,0.3154297,-1.0401001,0.18695068,4.203125,16.203125,-0.8125
178,1697613085,0.8071289,-1.1372681,0.49676514,-10.46875,-18.640625,17.28125
179,1697613125,-0.010009766,-1.3110962,0.13397217,-21.265625,-33.46875,-4.109375
180,1697613165,0.11376953,-1.4541626,0.06365967,5.140625,10.359375,7.484375
181,1697613205,0.52368164,-0.90753174,0.12054443,5.875,-8.703125,1.90625
182,1697613245,0.24975586,-0.6602173,-0.19049072,5.515625,-8.375,-5.265625
183,1697613285,0.13964844,-0.9170532,0.06097412,-15.296875,14.546875,6.96875
184,1697613325,0.36254883,-1.1316528,0.06463623,14.140625,-8.9375,7.40625
185,1697613365,0.2902832,-0.9590454,0.20037842,8.125,-4.9375,3.671875
186,1697613405,0.068115234,-0.69537354,0.03729248,7.78125,-12.40625,-5.8125
187,1697613445,-0.07739258,-0.6799927,0.03729248,-1.453125,0.234375,-7.625
188,1697613485,0.08105469,-0.8069458,0.109802246,-6.328125,-2.40625,12.296875
189,1697613525,0.19018555,-0.96832275,0.11517334,1.015625,9.515625,9.359375
190,1697613565,0.20874023,-1.0064087,0.19110107,1.6875,-0.484375,-1.75
191,1697613605,0.16625977,-0.93463135,0.15789795,0.515625,-9.921875,1.5625
192,1697613645,0.013671875,-0.9859009,0.07928467,-7.90625,-3.453125,9.640625
193,1697613685,0.14355469,-1.1687622,0.14569092,-8.03125,15.421875,-1.765625
194,1697613725,0.5070801,-1.33844,0.3727417,-17.234375,-7.3125,-12.15625
195,1697613765,0.44360352,-1.4314575,0.014099121,-9.6875,-13.609375,-2.671875
196,1697613805,0.37353516,-0.847229,-0.070129395,16.4375,-1.890625,-23.265625
197,1697613845,0.4885254,-0.4661255,0.16668701,18.859375,-28.703125,-16.109375
198,1697613885,0.1394043,-1.0681763,0.042907715,-2.75,-27.953125,10.8125
199,1697613925,0.0078125,-1.3186646,0.17572021,-1.953125,13.28125,2.3125
200,1697613965,0.26782227,-0.75616455,0.17962646,12.75,-2.4375,-13.421875
201,1697614005,0.27172852,-0.47930908,0.07147217,9.28125,2.4375,-12.5625
202,1697614045,0.18408203,-0.7678833,0.15960693,-6.625,9.4375,8.1875
203,1697614085,0.21655273,-0.95513916,0.26287842,-1.046875,2.734375,14.671875
204,1697614125,0.1459961,-0.92315674,0.27093506,1.234375,-3.734375,1.796875
205,1697614165,0.068603516,-0.8838501,0.2711792,6.046875,-0.1875,-9.296875
206,1697614205,-0.042236328,-0.9360962,0.053649902,6.28125,3.734375,-6.078125
207,1697614245,0.53881836,-1.0484009,0.23431396,14.671875,7.9375,0.859375
208,1697614285,0.55249023,-1.1841431,0.3287964,-26.078125,-20.25,8.484375
209,1697614325,-0.23632812,-1.5881958,0.066833496,-18.125,-15.046875,-3.53125
210,1697614365,0.3959961,-1.1980591,0.1329956,16.203125,8.5,8.3125
211,1697614405,0.34326172,-0.63897705,-0.07720947,18.921875,-11.8125,-11.96875
212,1697614445,0.123046875,-0.76812744,-0.13140869,-11.984375,17.6875,9.921875
213,1697614485,0.39135742,-1.1140747,-0.04840088,11.3125,11.21875,13.203125
214,1697614525,0.3647461,-1.1118774,0.051940918,26.671875,-16.0,-1.375
215,1697614565,0.19360352,-0.8789673,0.109069824,4.09375,-16.296875,2.5
216,1697614605,-0.119628906,-0.7522583,-0.014465332,3.65625,-6.53125,-1.53125
217,1697614645,-0.06933594,-0.70635986,-0.038391113,2.765625,1.921875,4.09375
218,1697614685,0.24609375,-0.8184204,0.001159668,6.75,3.1875,13.25
219,1697614725,0.2878418,-0.9487915,0.07733154,5.671875,6.515625,9.0
220,1697614765,0.11791992,-1.0425415,0.08929443,-1.421875,-5.96875,2.609375
221,1697614805,0.05517578,-0.9854126,0.011413574,-6.953125,-9.3125,6.0625
222,1697614845,0.0793457,-0.9546509,0.028503418,-14.171875,7.21875,0.203125
223,1697614885,0.2614746,-1.0818481,0.13641357,-7.78125,9.109375,-5.25
224,1697614925,0.30664062,-1.3067017,0.24822998,-19.53125,-15.484375,-5.59375
225,1697614965,0.20996094,-1.3425903,-0.09503174,-10.546875,-9.921875,0.5
226,1697615005,0.5371094,-0.850647,-0.17584229,0.015625,-1.046875,-18.15625
227,1697615045,0.7385254,-0.37384033,0.19696045,-3.421875,-36.859375,-18.203125
228,1697615085,0.16870117,-1.0645142,0.08709717,-4.09375,-38.28125,-4.765625
229,1697615125,-0.32543945,-1.6846313,0.10662842,-7.609375,-1.40625,12.609375
230,1697615165,0.26733398,-0.80841064,0.24310303,7.203125,-0.703125,-20.46875
231,1697615205,0.32348633,-0.4524536,0.086364746,3.875,13.90625,-17.265625
232,1697615245,0.15161133,-0.79766846,0.16595459,-11.9375,17.75,7.65625
233,1697615285,0.11791992,-0.9439087,0.2999878,-6.984375,2.8125,20.078125
234,1697615325,0.10058594,-0.8735962,0.22869873,0.734375,5.015625,0.75
235,1697615365,0.12548828,-0.82281494,0.28753662,-2.609375,8.015625,-4.421875
236,1697615405,0.05859375,-0.94610596,0.22772217,2.453125,7.390625,-0.0625
237,1697615445,0.06640625,-0.9788208,0.105895996,2.65625,17.578125,-2.140625
238,1697615485,0.7844238,-1.1016235,0.47869873,9.703125,-18.609375,23.078125
239,1697615525,0.072753906,-1.3308716,0.23504639,-23.09375,-33.4375,7.546875
240,1697615565,-0.29833984,-1.4551392,0.09979248,-12.03125,6.453125,-5.921875
241,1697615605,0.39794922,-0.92926025,0.093444824,26.53125,12.15625,-2.875
242,1697615645,0.31591797,-0.71099854,-0.038879395,-4.015625,-5.734375,7.203125
243,1697615685,0.15478516,-0.8887329,-0.0413208,-14.0,26.0,16.90625
244,1697615725,0.4477539,-1.005188,-0.085510254,26.796875,6.921875,7.4375
245,1697615765,0.33935547,-1.1047974,0.26019287,6.84375,-3.78125,8.234375
246,1697615805,0.1184082,-0.9746704,0.10736084,4.078125,-10.9375,-0.3125
247,1697615845,-0.14404297,-0.7312622,-0.020568848,1.578125,5.4375,-12.46875
248,1697615885,-0.0012207031,-0.68463135,0.045837402,-1.203125,12.90625,1.28125
249,1697615925,0.24560547,-0.83721924,0.054626465,0.609375,11.140625,15.046875
250,1697615965,0.2841797,-0.9768677,0.078552246,0.015625,13.078125,7.515625
251,1697616005,0.16870117,-1.0264282,0.15740967,-7.4375,-0.640625,0.421875
252,1697616045,0.022705078,-1.0237427,0.047790527,-9.296875,-1.859375,2.359375
253,1697616085,0.10839844,-1.1018677,0.008972168,-6.578125,14.5625,1.96875
254,1697616125,0.42651367,-1.1973267,0.322937,-11.75,0.578125,-8.3125
255,1697616165,0.2290039,-1.274231,0.0993042,-28.71875,-18.265625,-10.34375
256,1697616205,0.14990234,-1.1799927,-0.17926025,4.75,14.890625,-8.765625
257,1697616245,0.7158203,-0.56744385,0.10321045,20.734375,-5.59375,-20.71875
258,1697616285,0.4873047,-0.7571411,0.291687,-7.359375,-17.578125,-5.734375
259,1697616325,-0.21508789,-1.5369263,-0.018371582,-9.6875,-11.828125,2.625
260,1697616365,0.0949707,-0.92388916,0.14520264,-0.1875,24.8125,-17.09375
261,1697616405,0.25756836,-0.55963135,0.10247803,-0.203125,21.546875,-17.84375
262,1697616445,0.24316406,-0.78692627,0.14910889,-7.390625,28.453125,1.375
263,1697616485,0.18676758,-0.92388916,0.22479248,-7.71875,14.90625,11.390625
264,1697616525,0.06958008,-0.8892212,0.20721436,-4.5625,13.96875,5.828125
265,1697616565,0.11401367,-0.86383057,0.16156006,0.40625,20.109375,-0.28125
266,1697616605,0.18383789,-0.89312744,0.25408936,6.09375,18.578125,-2.09375
267,1697616645,0.018066406,-0.944397,0.15179443,-0.21875,17.265625,-1.046875
268,1697616685,0.19799805,-1.0261841,0.10443115,10.8125,34.125,-0.125
269,1697616725,0.7373047,-0.97247314,0.4328003,-8.3125,-9.65625,14.03125
270,1697616765,-0.26220703,-1.1521606,0.14959717,-23.34375,-22.5,-16.453125
271,1697616805,-0.43847656,-1.5032349,-0.0491333,-4.21875,34.078125,-17.328125
272,1697616845,0.6491699,-1.0730591,-0.053771973,12.078125,54.03125,5.4375
273,1697616885,0.47265625,-0.75494385,0.003112793,-8.34375,7.90625,16.03125
274,1697616925,0.1706543,-0.8862915,-0.16314697,12.875,35.453125,2.359375
275,1697616965,0.42871094,-1.1358032,0.06341553,3.25,20.671875,8.421875
276,1697617005,0.18115234,-1.1619263,0.19915771,-10.875,-6.625,9.34375
277,1697617045,-0.053222656,-0.8291626,-0.10284424,9.703125,8.359375,-7.75
278,1697617085,-0.064453125,-0.550354,-0.085510254,5.5,30.25,-15.46875
279,1697617125,0.20532227,-0.75128174,0.058288574,-10.09375,23.90625,14.375
280,1697617165,0.37060547,-1.0686646,-0.046203613,-2.59375,22.90625,20.046875
281,1697617205,0.30297852,-0.9990845,0.06756592,2.90625,9.703125,0.0625
282,1697617245,0.12597656,-0.9702759,0.08001709,-2.328125,-3.34375,2.65625
283,1697617285,0.034179688,-0.9248657,0.018005371,-19.359375,0.078125,9.671875
284,1697617325,0.13500977,-1.0650024,0.093444824,-11.25,22.078125,-0.34375
285,1697617365,0.33276367,-1.2305298,0.2489624,-10.703125,-6.359375,-8.90625
286,1697617405,0.19873047,-1.1880493,0.09661865,-14.796875,-19.203125,1.015625
287,1697617445,0.114746094,-1.1970825,-0.15362549,-17.9375,5.484375,-0.09375
288,1697617485,0.6105957,-0.8074341,0.020935059,-8.421875,9.453125,-27.03125
289,1697617525,0.46948242,-0.6008911,0.19134521,0.109375,-21.25,-20.640625
290,1697617565,-0.068847656,-1.3272095,0.0016479492,-9.734375,-2.75,4.421875
291,1697617605,0.10083008,-1.1414185,0.1864624,-5.59375,23.171875,-4.5625
292,1697617645,0.25683594,-0.70562744,0.16131592,-8.625,15.90625,-15.484375
293,1697617685,0.16015625,-0.7385864,0.10321045,-14.515625,29.3125,-4.40625
294,1697617725,0.0703125,-0.9175415,0.1906128,-15.0,29.484375,5.6875
295,1697617765,0.14501953,-0.8574829,0.20892334,-8.8125,22.765625,5.40625
296,1697617805,0.22460938,-0.81695557,0.199646,-4.1875,30.84375,-1.5
297,1697617845,0.25097656,-0.9055786,0.27435303,-5.046875,22.46875,1.578125
298,1697617885,0.099121094,-0.92315674,0.2753296,-1.078125,16.484375,5.203125
299,1697617925,0.010009766,-0.9429321,0.105651855,2.609375,19.765625,-2.796875
300,1697617965,0.6875,-1.0093384,0.30828857,13.78125,5.6875,9.328125
301,1697618005,0.44555664,-0.96539307,0.3847046,-4.609375,-27.28125,3.421875
302,1697618045,-0.70996094,-1.6323853,-0.030578613,-33.359375,-1.4375,-45.828125
303,1697618085,0.25561523,-1.3372192,0.0072631836,10.234375,62.375,22.015625
304,1697618125,0.60595703,-0.7827759,0.1642456,10.15625,13.8125,-9.734375
305,1697618165,0.17602539,-0.5808716,-0.11773682,-7.703125,31.921875,-3.796875
306,1697618205,0.33325195,-0.9475708,-0.01373291,-12.96875,22.15625,17.421875
307,1697618245,0.3762207,-1.3015747,0.152771,-1.515625,0.296875,17.046875
308,1697618285,0.06762695,-1.1004028,0.09246826,11.484375,11.296875,-13.21875
309,1697618325,-0.032958984,-0.6436157,-0.03302002,19.84375,26.859375,-24.703125
310,1697618365,0.016357422,-0.58306885,0.0692749,-11.203125,20.15625,4.21875
311,1697618405,0.1953125,-0.8977661,-0.022766113,-7.984375,25.65625,23.28125
312,1697618445,0.2939453,-1.0647583,-0.0022583008,10.40625,26.90625,3.4375
313,1697618485,0.3022461,-0.9505005,0.15863037,7.890625,6.546875,-2.859375
314,1697618525,0.13061523,-0.956604,-0.00079345703,-9.015625,-5.6875,8.109375
315,1697618565,0.009521484,-1.015686,0.022644043,-13.71875,15.65625,4.5
316,1697618605,0.26538086,-1.1621704,0.13983154,-2.640625,15.328125,-7.859375
317,1697618645,0.36621094,-1.1694946,0.27923584,-13.8125,-20.21875,-9.671875
318,1697618685,0.1003418,-1.2463989,-0.1572876,-8.703125,-10.3125,5.59375
319,1697618725,0.34277344,-1.0164185,-0.09259033,4.78125,25.234375,-13.171875
320,1697618765,0.5595703,-0.64727783,0.1515503,3.40625,-8.921875,-23.28125
321,1697618805,0.110839844,-0.90338135,0.10369873,-11.28125,-5.9375,-7.765625
322,1697618845,-0.03540039,-1.2583618,-0.039123535,-2.53125,16.921875,-1.4375
323,1697618885,0.3095703,-0.8845825,0.109313965,-7.84375,24.71875,-3.296875
324,1697618925,0.34057617,-0.7149048,0.12420654,-1.796875,23.078125,-9.03125
325,1697618965,0.18579102,-0.8440552,0.11517334,-1.578125,20.59375,-2.140625
326,1697619005,0.09033203,-0.8772583,0.14178467,-4.046875,13.671875,8.890625
327,1697619045,0.12988281,-0.87335205,0.11053467,-1.5,19.890625,7.96875
328,1697619085,0.26953125,-0.861145,0.21307373,-0.25,19.65625,1.578125
329,1697619125,0.14819336,-0.9187622,0.21746826,2.8125,6.53125,-0.203125
330,1697619165,-0.01586914,-0.98687744,0.11444092,1.015625,11.578125,-0.109375
331,1697619205,0.16821289,-0.9849243,0.066833496,6.59375,30.84375,-3.296875
332,1697619245,0.8967285,-1.0237427,0.32000732,-8.734375,-7.5,18.078125
333,1697619285,0.067871094,-1.1536255,0.21063232,-24.8125,-22.6875,-5.8125
334,1697619325,-0.3881836,-1.5930786,0.027526855,-4.9375,5.65625,-13.921875
335,1697619365,0.42333984,-1.0042114,0.0060424805,19.15625,28.25,0.828125
336,1697619405,0.46313477,-0.7000122,-0.043762207,-6.296875,7.78125,3.0
337,1697619445,0.28979492,-0.77301025,-0.20123291,1.71875,21.25,6.421875
338,1697619485,0.4580078,-1.1299438,-0.08843994,22.296875,8.578125,10.5625
339,1697619525,0.25976562,-1.1431274,0.18597412,-1.515625,-7.1875,8.59375
340,1697619565,0.11645508,-0.9180298,0.023376465,2.390625,-12.375,-6.75
341,1697619605,-0.13745117,-0.69854736,-0.09674072,2.953125,7.21875,-15.84375
342,1697619645,0.04248047,-0.7349243,0.008728027,-5.71875,12.046875,4.890625
343,1697619685,0.26293945,-0.9182739,-0.014709473,1.21875,16.25,12.296875
344,1697619725,0.30615234,-0.9607544,0.04925537,1.546875,13.28125,1.484375
345,1697619765,0.14208984,-0.96099854,0.078552246,-0.953125,-1.21875,1.15625
346,1697619805,0.09008789,-0.96539307,0.0065307617,-6.125,-2.03125,8.40625
347,1697619845,0.092285156,-1.0083618,0.04949951,-13.53125,8.53125,3.125
348,1697619885,0.25048828,-1.1900024,0.14544678,-6.046875,8.359375,-3.0
349,1697619925,0.2939453,-1.2022095,0.1984253,-17.828125,-16.09375,-5.359375
350,1697619965,0.17749023,-1.2297974,-0.061584473,-11.25,-11.296875,0.171875
351,1697620005,0.34936523,-1.0457153,-0.08770752,-1.90625,7.015625,-7.75
352,1697620045,0.638916,-0.6741333,0.12689209,-5.046875,-13.609375,-20.90625
353,1697620085,0.38232422,-0.6411743,0.06829834,0.84375,-28.25,-6.328125
354,1697620125,-0.07324219,-1.258606,0.044128418,-13.859375,-4.859375,8.890625
355,1697620165,0.21875,-1.2190552,0.24627686,-7.625,2.171875,1.8125
356,1697620205,0.30029297,-0.81451416,0.17523193,4.0,-1.71875,-18.265625
357,1697620245,0.14916992,-0.7271118,0.038513184,6.8125,6.28125,-11.3125
358,1697620285,0.16625977,-0.7178345,0.17474365,-5.03125,3.421875,11.03125
359,1697620325,0.1953125,-0.8154907,0.19110107,-6.734375,4.65625,14.796875
360,1697620365,0.17700195,-0.9500122,0.24847412,-7.65625,7.609375,8.578125
361,1697620405,0.12524414,-1.015686,0.2826538,5.515625,0.71875,-0.65625
362,1697620445,0.07714844,-0.911438,0.17645264,4.21875,7.0,-3.21875
363,1697620485,0.28125,-0.85894775,0.12445068,5.59375,8.421875,0.53125
364,1697620525,0.5366211,-0.9824829,0.43621826,-6.109375,-13.578125,6.03125
365,1697620565,-0.1496582,-1.2630005,0.3131714,-24.65625,-22.109375,-15.578125
366,1697620605,-0.23632812,-1.4221802,0.053649902,13.890625,23.0625,-15.8125
367,1697620645,0.57055664,-1.1123657,0.05218506,24.6875,18.21875,17.40625
368,1697620685,0.7937012,-0.83306885,0.08294678,-17.15625,-11.9375,9.6875
369,1697620725,0.12451172,-0.7373657,-0.0095825195,8.171875,4.28125,-12.578125
370,1697620765,-0.17260742,-1.022522,-0.08428955,10.265625,16.03125,-4.609375
371,1697620805,0.3786621,-1.083313,0.15960693,2.53125,-0.296875,16.75
372,1697620845,0.40844727,-0.99005127,-0.013000488,9.796875,-5.953125,0.078125
373,1697620885,0.19702148,-0.7424927,0.016784668,5.921875,-6.234375,-10.3125
374,1697620925,0.029296875,-0.7461548,0.015319824,3.765625,-11.03125,2.640625
375,1697620965,0.088378906,-0.86383057,0.024108887,9.09375,-7.140625,12.921875
376,1697621005,0.13110352,-0.9517212,0.04510498,4.734375,7.328125,3.078125
377,1697621045,0.18383789,-1.0256958,0.14251709,1.53125,-2.671875,0.1875
378,1697621085,0.15991211,-0.99468994,0.05316162,3.078125,-10.5625,6.3125
379,1697621125,0.1772461,-0.9859009,0.05657959,-3.796875,-7.953125,2.6875
380,1697621165,0.13476562,-1.022522,0.12689209,-7.203125,2.34375,-3.015625
381,1697621205,0.14111328,-1.1585083,0.07562256,-1.96875,-0.28125,-0.375
382,1697621245,0.2626953,-1.2737427,0.04876709,-2.21875,-6.453125,3.640625
383,1697621285,0.49804688,-1.286438,-0.059631348,7.796875,-1.8125,-1.6875
384,1697621325,0.5305176,-0.7202759,-0.00982666,3.5,-15.5,-15.703125
385,1697621365,0.3239746,-0.5886841,-0.01763916,1.0,-29.765625,-7.765625
386,1697621405,-0.06591797,-0.8633423,0.0036010742,-8.796875,-4.5625,-9.421875
387,1697621445,-0.027832031,-1.2598267,0.120788574,-19.671875,17.203125,-15.234375
388,1697621485,0.36547852,-1.1724243,0.17791748,2.03125,15.265625,-1.921875
389,1697621525,0.30517578,-0.8272095,0.05316162,6.234375,1.6875,-16.546875
390,1697621565,0.18432617,-0.802063,0.08294678,0.703125,9.71875,-1.875
391,1697621605,0.0859375,-0.7930298,0.061462402,-4.109375,9.625,11.625
392,1697621645,0.11450195,-0.8550415,0.14129639,-6.84375,18.953125,11.265625
393,1697621685,0.16870117,-1.0335083,0.215271,-2.265625,16.546875,3.53125
394,1697621725,0.067871094,-0.97735596,0.16448975,-3.015625,13.890625,-0.28125
395,1697621765,-0.053466797,-0.85894775,0.070739746,-7.25,24.53125,-4.703125
396,1697621805,0.091308594,-1.0252075,0.04510498,-6.203125,42.109375,-6.859375
397,1697621845,0.6801758,-1.1658325,0.26239014,-0.53125,26.234375,13.90625
398,1697621885,0.2133789,-0.9651489,0.2506714,-20.953125,-0.421875,5.578125
399,1697621925,-0.46679688,-1.1792603,-0.058410645,-21.296875,19.0625,-9.296875
400,1697621965,0.15893555,-1.0391235,-0.120666504,2.609375,54.140625,-4.703125
401,1697622005,0.5095215,-0.91534424,-0.024475098,-8.875,48.734375,15.296875
402,1697622045,-0.010253906,-1.0386353,-0.12359619,5.125,32.59375,8.453125
403,1697622085,0.048339844,-0.93218994,-0.1572876,-2.15625,51.734375,-0.015625
404,1697622125,0.39990234,-1.0352173,-0.04473877,-8.375,41.359375,16.96875
405,1697622165,0.24169922,-1.1345825,-0.009338379,-3.546875,42.90625,6.6875
406,1697622205,-0.0014648438,-0.8411255,-0.034729004,-9.34375,50.515625,-15.4375
407,1697622245,-0.047851562,-0.78570557,-0.08917236,-13.453125,49.078125,-7.125
408,1697622285,0.15356445,-0.97125244,-0.15460205,-17.0625,52.796875,8.40625
409,1697622325,0.25585938,-1.0444946,-0.15362549,-14.390625,51.15625,1.765625
410,1697622365,0.17236328,-1.06427,-0.06866455,-4.265625,46.734375,-1.5625
411,1697622405,0.09838867,-0.9607544,-0.12335205,-8.671875,31.671875,8.609375
412,1697622445,0.24389648,-0.9234009,-0.101379395,-17.71875,29.875,8.59375
413,1697622485,0.33154297,-0.98687744,0.05291748,-23.265625,29.65625,10.015625
414,1697622525,0.09838867,-1.1155396,0.078308105,-29.09375,12.34375,0.90625
415,1697622565,0.059570312,-1.1277466,0.04852295,-22.6875,7.65625,-9.09375
416,1697622605,0.123291016,-1.0432739,-0.11090088,-18.3125,12.015625,-15.046875
417,1697622645,0.21411133,-0.95269775,-0.050598145,-10.953125,32.078125,-23.59375
418,1697622685,0.32470703,-0.835022,0.13787842,-13.296875,31.15625,-16.03125
419,1697622725,0.24365234,-0.9841919,0.109558105,-18.328125,22.703125,-3.3125
420,1697622765,0.21435547,-0.7168579,-0.09844971,5.546875,30.5,-10.234375
421,1697622805,0.18041992,-0.7127075,-0.13482666,-9.796875,42.296875,4.875
422,1697622845,0.22607422,-1.079895,-0.070373535,-12.46875,35.5,11.0
423,1697622885,0.15454102,-1.2903442,-0.05303955,-13.515625,32.296875,-6.5
424,1697622925,0.1418457,-0.9927368,0.02557373,7.03125,31.796875,-17.1875
425,1697622965,0.08935547,-0.7424927,-0.04498291,-4.421875,29.71875,-6.859375
426,1697623005,0.07104492,-0.800354,-0.057434082,-7.0,34.90625,4.0
427,1697623045,0.07080078,-1.0432739,-0.09234619,-8.3125,34.859375,7.65625
428,1697623085,0.15698242,-1.1118774,-0.024719238,-3.453125,29.765625,-0.640625
429,1697623125,0.15795898,-0.98223877,-0.04840088,0.828125,24.65625,0.171875
430,1697623165,0.1418457,-0.9258423,-0.07476807,-3.453125,14.046875,1.078125
431,1697623205,0.18530273,-0.9788208,-0.044006348,-11.78125,12.46875,0.4375
432,1697623245,0.12451172,-1.0393677,-0.0076293945,-13.203125,15.84375,-1.46875
433,1697623285,0.17675781,-1.0549927,0.027282715,-11.9375,9.21875,-4.21875
434,1697623325,0.22363281,-1.0689087,0.058776855,-22.984375,-2.390625,-11.25
435,1697623365,0.010253906,-1.1436157,-0.04937744,-20.828125,1.9375,-14.921875
436,1697623405,0.1694336,-1.1755981,-0.03375244,-3.78125,17.4375,-17.015625
437,1697623445,0.58691406,-0.7161255,0.07318115,-4.265625,4.578125,-12.8125
438,1697623485,0.36401367,-0.7710571,0.030700684,0.015625,-9.96875,-0.859375
439,1697623525,-0.12695312,-1.3716431,0.06854248,-22.296875,14.171875,8.296875
440,1697623565,0.045410156,-1.0703735,0.20477295,-7.5,20.015625,-10.421875
441,1697623605,0.17944336,-0.7217407,0.041931152,0.875,18.1875,-10.71875
442,1697623645,0.17089844,-0.7581177,0.041931152,-7.84375,27.71875,1.53125
443,1697623685,0.24145508,-0.8909302,0.1593628,-8.5625,19.015625,13.453125
444,1697623725,0.203125,-0.9429321,0.23382568,-5.375,11.671875,11.484375
445,1697623765,0.07788086,-0.9522095,0.21966553,-0.296875,4.09375,1.3125
446,1697623805,0.041259766,-0.9019165,0.19281006,4.125,4.125,1.640625
447,1697623845,0.047607422,-0.8735962,0.14788818,-0.53125,14.1875,0.953125
448,1697623885,0.18969727,-1.0379028,0.09613037,0.125,15.671875,4.578125
449,1697623925,0.5402832,-1.0513306,0.2892456,3.9375,-1.28125,1.484375
450,1697623965,0.122802734,-0.9939575,0.25482178,-16.8125,-18.484375,-12.546875
451,1697624005,-0.34350586,-1.4841919,0.0053100586,-12.78125,6.5,-10.640625
452,1697624045,0.3942871,-1.1592407,0.06707764,12.375,23.96875,5.890625
453,1697624085,0.60058594,-0.77960205,0.02923584,-0.6875,-6.09375,7.046875
454,1697624125,0.21118164,-0.70635986,-0.14215088,-5.65625,-0.515625,1.5625
455,1697624165,0.14404297,-1.0698853,0.011413574,2.484375,4.734375,6.421875
456,1697624205,0.2644043,-1.1658325,0.13763428,12.796875,-11.625,10.140625
457,1697624245,0.29760742,-0.8933716,0.0692749,14.390625,-14.03125,-0.3125
458,1697624285,0.06298828,-0.6543579,0.023620605,-0.390625,-14.453125,-6.046875
459,1697624325,-0.061035156,-0.7998657,0.06732178,-2.40625,-7.609375,5.734375
460,1697624365,0.052978516,-1.0232544,0.07147217,1.71875,-0.484375,12.296875
461,1697624405,0.19042969,-0.9771118,0.11663818,6.921875,6.15625,1.953125
462,1697624445,0.1772461,-0.9258423,0.14910889,3.71875,-3.34375,2.359375
463,1697624485,0.09765625,-0.95758057,0.0446167,-2.546875,-10.0,10.359375
464,1697624525,0.07421875,-1.0178833,0.10418701,-8.71875,-0.671875,5.140625
465,1697624565,0.12597656,-1.0913696,0.18011475,-7.921875,2.171875,-4.0625
466,1697624605,0.21240234,-1.1741333,0.20501709,-17.328125,-4.671875,-11.796875
467,1697624645,0.2163086,-1.4158325,0.082458496,-8.8125,-0.515625,0.328125
468,1697624685,0.5307617,-1.1636353,0.035095215,4.75,1.328125,-5.453125
469,1697624725,0.6828613,-0.5586548,-0.00030517578,14.609375,-24.140625,-20.15625
470,1697624765,0.2746582,-0.63946533,0.121520996,5.296875,-29.3125,-2.046875
471,1697624805,-0.21850586,-1.1907349,0.054138184,-9.140625,-5.0625,-0.90625
472,1697624845,0.024902344,-1.1445923,0.21795654,-2.265625,19.03125,-4.078125
473,1697624885,0.4050293,-0.7522583,0.16644287,3.25,3.9375,-7.859375
474,1697624925,0.32666016,-0.72662354,0.11248779,2.734375,6.625,-9.171875
475,1697624965,0.12646484,-0.93927,0.21380615,-6.390625,4.15625,5.359375
476,1697625005,0.05834961,-0.89263916,0.1942749,4.84375,1.453125,8.109375
477,1697625045,0.1303711,-0.81622314,0.21746826,3.421875,9.265625,0.203125
478,1697625085,0.19799805,-0.9026489,0.23675537,4.90625,7.546875,-1.75
479,1697625125,0.13647461,-1.013977,0.12835693,7.03125,4.015625,0.984375
480,1697625165,0.3256836,-0.9663696,0.1305542,15.59375,4.140625,0.5
481,1697625205,0.4724121,-0.9963989,0.3078003,-2.78125,-21.890625,4.140625
482,1697625245,-0.19458008,-1.3508911,0.14154053,-28.40625,-8.140625,-14.640625
483,1697625285,0.20629883,-1.7410278,0.0040893555,17.46875,13.421875,10.609375
484,1697625325,0.6706543,-0.7925415,0.12054443,-8.859375,-10.515625,-7.171875
485,1697625365,0.2434082,-0.52716064,-0.10650635,1.90625,-10.828125,-10.65625
486,1697625405,-0.031982422,-0.84210205,-0.024963379,-8.828125,10.609375,5.515625
487,1697625445,0.37060547,-1.2666626,-0.027404785,13.765625,-4.328125,16.5
488,1697625485,0.47216797,-0.9837036,0.12982178,22.25,-24.8125,3.84375
489,1697625525,0.21191406,-0.739563,0.0045776367,10.5625,-29.46875,-4.453125
490,1697625565,-0.072753906,-0.76348877,-0.011047363,4.75,-17.78125,0.796875
491,1697625605,-0.06347656,-0.90948486,0.032409668,7.46875,-19.03125,10.828125
492,1697625645,0.18969727,-0.93951416,0.06390381,6.71875,-6.0625,5.46875
493,1697625685,0.22827148,-0.95880127,0.13763428,4.8125,-4.796875,2.328125
494,1697625725,0.1352539,-0.9800415,0.11468506,2.34375,-11.859375,6.875
495,1697625765,0.08203125,-1.0083618,0.022155762,-1.21875,-17.859375,5.921875
496,1697625805,0.05444336,-0.9331665,0.06536865,-4.046875,-2.015625,-4.8125
497,1697625845,0.26538086,-1.1072388,0.11810303,4.453125,0.59375,-0.125
498,1697625885,0.4650879,-1.2608032,0.18328857,-2.96875,-23.90625,8.671875
499,1697625925,0.39990234,-1.3967896,-0.13970947,-3.234375,-27.671875,6.140625
500,1697625965,0.55249023,-0.7703247,-0.008117676,3.46875,-17.265625,-15.96875
501,1697626005,0.44555664,-0.5545044,0.09613037,1.703125,-57.28125,-4.09375
502,1697626045,-0.1430664,-1.0286255,-0.013244629,-2.078125,-28.796875,-5.765625
503,1697626085,-0.043945312,-1.180481,0.05633545,-10.140625,15.8125,-15.265625
504,1697626125,0.47216797,-0.800354,0.23797607,-4.1875,3.140625,0.140625
505,1697626165,0.43847656,-0.68170166,0.058288574,-2.109375,-8.296875,-1.9375
506,1697626205,0.26098633,-0.9248657,0.14642334,3.46875,-8.546875,2.140625
507,1697626245,0.15893555,-0.9883423,0.19622803,0.25,-16.078125,13.8125
508,1697626285,0.11352539,-0.8648071,0.21038818,6.765625,-7.78125,8.5625
509,1697626325,0.13427734,-0.8530884,0.24505615,0.8125,-0.65625,-0.34375
510,1697626365,0.09887695,-0.9397583,0.20794678,2.109375,0.046875,0.921875
511,1697626405,0.20239258,-0.9536743,0.18255615,2.328125,3.390625,5.046875
512,1697626445,0.3154297,-0.9212036,0.1984253,-0.25,-2.984375,-1.84375
513,1697626485,0.26098633,-1.0339966,0.39544678,-10.015625,-14.28125,-8.71875
514,1697626525,-0.06738281,-1.3762817,0.17059326,-15.53125,-3.984375,-14.40625
515,1697626565,0.38989258,-1.4243774,0.08538818,16.25,7.90625,7.828125
516,1697626605,0.71850586,-0.8484497,0.11981201,2.96875,-14.765625,6.375
517,1697626645,0.31225586,-0.5510864,-0.14508057,8.34375,-20.828125,-5.40625
518,1697626685,0.18554688,-0.8101196,0.051940918,-9.421875,-10.109375,1.765625
519,1697626725,0.30810547,-1.3682251,0.14910889,-4.96875,-15.703125,10.109375
520,1697626765,0.3088379,-1.0151978,0.12347412,18.8125,-33.296875,-9.40625
521,1697626805,0.2590332,-0.62579346,-0.06768799,23.0625,-36.703125,-4.671875
522,1697626845,0.23364258,-0.6069946,0.0680542,10.453125,-28.75,7.03125
523,1697626885,0.17822266,-0.88360596,0.078308105,8.703125,-45.59375,17.734375
524,1697626925,0.080078125,-1.1912231,0.09832764,9.40625,-36.734375,4.96875
525,1697626965,0.064697266,-1.0132446,0.17596436,15.171875,-34.234375,-7.78125
526,1697627005,0.022949219,-0.78497314,0.11956787,6.796875,-25.890625,-0.4375
527,1697627045,0.06738281,-0.9585571,0.19940186,-3.578125,-16.828125,8.8125
528,1697627085,0.14257812,-1.1919556,0.1942749,-11.625,-20.625,1.359375
529,1697627125,0.114746094,-1.083313,0.15863037,-3.96875,-9.1875,-12.609375
530,1697627165,0.37402344,-1.3088989,0.07977295,-4.6875,0.890625,8.25
531,1697627205,0.6447754,-1.2056274,0.13323975,3.546875,-26.515625,2.96875
532,1697627245,0.54467773,-0.6265259,-0.0012817383,18.28125,-43.828125,-8.15625
533,1697627285,0.2866211,-0.4915161,-0.09991455,25.828125,-56.453125,6.8125
534,1697627325,0.1303711,-0.7815552,0.16131592,4.125,-37.03125,12.140625
535,1697627365,0.0007324219,-1.4373169,0.21014404,-17.265625,-17.53125,9.984375
536,1697627405,0.38061523,-1.0418091,0.19451904,14.59375,-32.203125,-15.765625
537,1697627445,0.36376953,-0.5383911,0.11590576,18.265625,-21.421875,-16.765625
538,1697627485,0.19848633,-0.72857666,0.16864014,-0.234375,-22.953125,10.3125
539,1697627525,0.072509766,-0.9138794,0.21307373,7.578125,-20.765625,23.03125
540,1697627565,0.1262207,-0.8948364,0.25726318,2.96875,-14.140625,7.515625
541,1697627605,0.15258789,-1.005188,0.35516357,6.171875,-14.0625,-3.21875
542,1697627645,0.028564453,-0.98809814,0.18695068,14.25,-5.578125,2.65625
543,1697627685,0.1953125,-0.94195557,0.14666748,-1.515625,5.796875,5.375
544,1697627725,0.5205078,-1.1638794,0.22918701,2.78125,-6.46875,6.546875
545,1697627765,0.3815918,-1.3933716,0.1539917,-6.625,-14.375,3.765625
546,1697627805,0.29296875,-1.3088989,0.14935303,-9.875,-8.96875,5.734375
547,1697627845,0.15600586,-0.80718994,0.11639404,10.984375,-12.0625,-11.515625
548,1697627885,0.12524414,-0.54888916,-0.073791504,7.625,2.203125,-12.75
549,1697627925,0.42260742,-0.6538696,-0.06060791,0.0625,4.703125,9.765625
550,1697627965,0.60498047,-1.1206665,0.0038452148,13.0,-1.15625,30.75
551,1697628005,0.3095703,-1.2302856,0.09588623,11.9375,-21.265625,-3.46875
552,1697628045,0.068847656,-0.8948364,0.10687256,12.5,-29.109375,-17.84375
553,1697628085,0.030517578,-0.7398071,-0.003967285,1.875,-13.765625,-4.234375
554,1697628125,0.16772461,-0.79473877,0.051452637,-0.3125,-4.28125,6.65625
555,1697628165,0.19873047,-0.91192627,0.090026855,3.09375,-4.921875,2.4375
556,1697628205,0.16479492,-0.9663696,0.090026855,6.234375,-6.9375,2.609375
557,1697628245,0.1586914,-0.9463501,0.09051514,7.9375,-9.109375,5.0625
558,1697628285,0.18579102,-0.9163208,0.07489014,4.65625,-13.5,3.34375
559,1697628325,0.19555664,-0.98223877,0.06561279,-1.0625,-11.078125,1.875
560,1697628365,0.15039062,-1.1519165,0.14813232,-2.859375,-1.71875,0.125
561,1697628405,0.21191406,-1.3587036,0.23406982,-11.375,-6.140625,-4.15625
562,1697628445,0.27270508,-1.2901001,-0.0071411133,-14.359375,-18.25,-1.828125
563,1697628485,0.5480957,-1.0584106,-0.11212158,1.5625,6.796875,-11.859375
564,1697628525,0.81469727,-0.60162354,-0.012512207,26.03125,-42.703125,-15.0625
565,1697628565,0.4020996,-0.631897,0.039489746,8.40625,-39.59375,-0.96875
566,1697628605,-0.20336914,-1.1929321,-0.05230713,-0.765625,-29.921875,-3.640625
567,1697628645,0.14013672,-1.1106567,0.18182373,-2.03125,6.3125,-2.40625
568,1697628685,0.39501953,-0.6812134,0.07244873,1.390625,-7.03125,-11.515625
569,1697628725,0.2705078,-0.7637329,0.14642334,4.796875,-5.484375,-8.765625
570,1697628765,0.16918945,-0.9439087,0.17547607,-2.015625,-10.078125,9.734375
571,1697628805,0.052490234,-0.84381104,0.1564331,3.1875,-2.140625,10.890625
572,1697628845,0.11694336,-0.79693604,0.15252686,-9.734375,5.390625,4.96875
573,1697628885,0.21069336,-0.86187744,0.31365967,-2.625,6.90625,-2.359375
574,1697628925,-0.0043945312,-1.0779419,0.14398193,0.75,6.921875,0.59375
575,1697628965,0.24243164,-1.0874634,0.15032959,0.265625,9.140625,2.4375
576,1697629005,0.7512207,-1.1558228,0.25238037,-11.71875,-11.34375,10.21875
577,1697629045,0.19262695,-1.586731,-0.07183838,-9.40625,-16.421875,9.234375
578,1697629085,0.1784668,-1.3335571,0.15740967,-7.765625,-5.75,11.21875
579,1697629125,0.016601562,-0.647522,-0.1326294,38.734375,-12.625,-23.890625
580,1697629165,0.2590332,-0.4619751,-0.07940674,-3.71875,21.453125,-6.265625
581,1697629205,0.58984375,-0.7920532,-0.039611816,-0.109375,5.796875,26.5
582,1697629245,0.4206543,-1.2410278,-0.020568848,5.375,-11.078125,16.578125
583,1697629285,0.18945312,-1.0803833,0.014099121,7.53125,-18.6875,-6.1875
584,1697629325,0.036132812,-0.75372314,0.005065918,13.4375,-15.0,-10.640625
585,1697629365,0.045166016,-0.75006104,-0.024719238,-1.0625,-3.390625,3.609375
586,1697629405,0.11669922,-0.9343872,0.049743652,-1.75,3.734375,9.90625
587,1697629445,0.18676758,-0.9793091,0.05340576,2.234375,4.796875,2.359375
588,1697629485,0.18383789,-0.9546509,0.031677246,8.921875,0.234375,0.15625
589,1697629525,0.1640625,-0.9146118,0.014343262,-0.03125,-3.71875,6.765625
590,1697629565,0.12109375,-1.0247192,0.03289795,-8.390625,1.15625,7.046875
591,1697629605,0.16259766,-1.1026001,0.049987793,-10.96875,9.75,4.875
592,1697629645,0.39282227,-1.2883911,0.23651123,-19.125,-0.109375,-7.828125
593,1697629685,0.34521484,-1.4094849,0.07244873,-17.828125,-16.46875,-9.28125
594,1697629725,0.28686523,-1.1890259,-0.07110596,-5.90625,-0.359375,-1.171875
595,1697629765,0.6508789,-0.5796509,-0.02545166,-6.203125,-6.953125,-21.96875
596,1697629805,0.4182129,-0.42608643,0.018249512,5.421875,-32.40625,-14.0
597,1697629845,0.0048828125,-0.88946533,0.06585693,-8.25,-11.9375,-5.65625
598,1697629885,0.012207031,-1.3169556,0.08685303,-21.65625,7.59375,5.90625
599,1697629925,0.3779297,-1.0027466,0.25994873,-6.015625,12.75,-13.375
600,1697629965,0.36767578,-0.74591064,0.1161499,2.609375,2.78125,-20.625
601,1697630005,0.22924805,-0.80792236,0.20672607,-6.9375,-1.640625,2.34375
602,1697630045,0.11206055,-0.83673096,0.2374878,-0.390625,-5.6875,15.71875
603,1697630085,0.060791016,-0.8369751,0.24188232,-1.75,4.25,7.109375
604,1697630125,0.12841797,-0.90093994,0.32122803,-2.484375,3.6875,-2.171875
605,1697630165,0.076660156,-0.9158325,0.28070068,8.609375,-0.25,-3.5625
606,1697630205,0.052978516,-0.8982544,0.0680542,0.640625,10.609375,1.796875
607,1697630245,0.5949707,-0.9067993,0.28216553,9.71875,9.421875,7.640625
608,1697630285,0.37890625,-1.1755981,0.51483154,-25.5625,-18.6875,5.28125
609,1697630325,-0.51416016,-1.6699829,0.18304443,-27.140625,-5.921875,-19.015625
610,1697630365,0.23754883,-1.0908813,0.0033569336,29.625,24.734375,-8.875
611,1697630405,0.71728516,-0.90826416,0.11029053,-4.21875,6.375,16.21875
612,1697630445,0.6279297,-0.6802368,0.11932373,0.5625,-14.1875,13.265625
613,1697630485,0.0014648438,-0.7913208,-0.0051879883,8.609375,-0.4375,-7.5
614,1697630525,0.060058594,-1.0689087,-0.040100098,11.609375,-0.390625,7.78125
615,1697630565,0.3762207,-1.1611938,0.17767334,3.453125,-12.859375,12.640625
616,1697630605,0.35473633,-0.8538208,0.06488037,20.03125,-1.9375,-7.03125
617,1697630645,0.13476562,-0.6194458,0.06878662,8.03125,-13.390625,-4.84375
618,1697630685,-0.0068359375,-0.80059814,0.09295654,3.421875,-14.0,11.171875
619,1697630725,0.06640625,-0.99346924,0.001159668,8.21875,-0.59375,10.15625
620,1697630765,0.16577148,-0.9795532,0.15423584,5.25,5.734375,-0.578125
621,1697630805,0.140625,-0.9812622,0.16912842,2.15625,-9.875,-0.140625
622,1697630845,0.023925781,-1.0217896,0.030944824,-3.59375,-8.53125,4.546875
623,1697630885,0.030761719,-1.0125122,0.06317139,-10.515625,11.28125,-0.5625
624,1697630925,0.2578125,-1.0952759,0.15350342,-7.578125,9.96875,-7.15625
625,1697630965,0.37646484,-1.2981567,0.21624756,-17.203125,-8.28125,-1.640625
626,1697631005,0.28125,-1.4299927,-0.093811035,1.296875,-10.875,2.109375
627,1697631045,0.44335938,-0.79473877,-0.046936035,6.203125,11.25,-17.484375
628,1697631085,0.548584,-0.55010986,0.13201904,14.671875,-20.921875,-13.3125
629,1697631125,0.18115234,-0.85894775,0.058044434,-5.828125,-9.078125,-4.609375
630,1697631165,-0.022460938,-1.217102,0.1293335,-12.71875,2.125,-0.90625
631,1697631205,0.19506836,-1.0374146,0.15838623,-8.46875,12.328125,-8.484375
632,1697631245,0.3322754,-0.68756104,0.12225342,0.890625,9.09375,-19.78125
633,1697631285,0.21142578,-0.74298096,0.18231201,-1.125,12.09375,-4.234375
634,1697631325,0.028564453,-0.9121704,0.19793701,-7.796875,6.546875,12.96875
635,1697631365,0.10595703,-0.91485596,0.19451904,1.375,13.6875,7.4375
636,1697631405,0.18701172,-0.89678955,0.24554443,7.1875,11.34375,-5.765625
637,1697631445,0.1003418,-0.91070557,0.2008667,8.828125,6.859375,-4.5
638,1697631485,0.033447266,-0.93951416,0.035583496,5.59375,15.890625,2.171875
639,1697631525,0.5961914,-0.9819946,0.293396,4.46875,7.359375,5.875
640,1697631565,0.17944336,-1.0808716,0.4154663,-24.640625,-24.515625,-3.046875
641,1697631605,-0.59521484,-1.6677856,0.137146,-22.625,0.75,-15.984375
642,1697631645,0.37768555,-1.135315,-0.08306885,27.640625,38.28125,-1.34375
643,1697631685,0.6936035,-0.87213135,0.14031982,-23.765625,-4.65625,7.234375
644,1697631725,0.22631836,-0.692688,-0.019104004,-3.234375,-3.65625,-0.53125
645,1697631765,-0.08496094,-1.0256958,-0.10650635,8.03125,15.890625,-0.015625
646,1697631805,0.3010254,-1.086731,0.07318115,0.34375,5.984375,7.90625
647,1697631845,0.35839844,-0.9483032,0.1305542,16.0625,-8.203125,3.859375
648,1697631885,0.19335938,-0.79693604,0.039489746,9.8125,-11.21875,0.6875
649,1697631925,-0.123291016,-0.73687744,0.012390137,-0.890625,-7.5,1.8125
650,1697631965,0.020263672,-0.90093994,0.020935059,3.984375,0.0,8.484375
651,1697632005,0.21850586,-0.9631958,0.058776855,7.328125,5.75,10.703125
652,1697632045,0.22387695,-0.9480591,0.13861084,1.515625,-4.0625,4.359375
653,1697632085,0.11376953,-0.99176025,0.035583496,-3.390625,-8.328125,7.828125
654,1697632125,0.08862305,-1.0813599,0.070495605,-1.203125,-2.03125,9.953125
655,1697632165,0.13110352,-1.0471802,0.10394287,-13.234375,1.34375,0.515625
656,1697632205,0.25805664,-1.2488403,0.030212402,-18.953125,12.0625,2.984375
657,1697632245,0.46142578,-1.3233032,0.2189331,0.734375,-1.421875,1.625
658,1697632285,0.43066406,-0.82525635,0.028259277,-1.421875,-15.296875,-11.453125
659,1697632325,0.4267578,-0.66973877,-0.10479736,20.6875,-30.796875,-1.921875
660,1697632365,0.17675781,-0.6253052,0.14984131,-8.890625,1.984375,-4.875
661,1697632405,0.03564453,-1.0418091,0.23895264,-11.765625,-19.546875,-1.921875
662,1697632445,0.27978516,-1.4487915,0.10687256,-4.125,-4.34375,5.953125
663,1697632485,0.41503906,-0.817688,0.1696167,9.046875,4.515625,-22.375
664,1697632525,0.2763672,-0.6260376,0.1696167,3.609375,-10.90625,-1.375
665,1697632565,0.11401367,-0.79644775,0.17547607,-8.296875,-0.96875,12.765625
666,1697632605,0.109375,-0.9216919,0.2579956,-0.953125,1.609375,11.0625
667,1697632645,0.1003418,-0.9043579,0.34222412,-1.421875,1.875,-3.09375
668,1697632685,-0.044433594,-0.85650635,0.21868896,10.390625,4.671875,-3.625
669,1697632725,0.083984375,-0.8635864,0.109558105,-1.46875,18.859375,0.0625
670,1697632765,0.65771484,-1.0134888,0.2880249,8.921875,8.046875,3.203125
671,1697632805,0.39233398,-1.1902466,0.39398193,-24.546875,-23.671875,-5.671875
672,1697632845,-0.52685547,-1.6138306,0.08660889,-14.359375,1.71875,-23.9375
673,1697632885,0.42211914,-1.3355103,0.018249512,20.484375,30.34375,10.828125
674,1697632925,0.5620117,-0.7678833,-0.017150879,14.53125,-9.984375,-11.34375
675,1697632965,0.43115234,-0.50006104,-0.105041504,-0.875,4.75,-1.078125
676,1697633005,0.2290039,-0.81744385,-0.03668213,-9.453125,0.859375,14.421875
677,1697633045,0.2109375,-1.2019653,0.09906006,-4.5,1.109375,9.765625
678,1697633085,0.21850586,-1.1079712,0.16790771,19.75,-26.140625,-4.84375
679,1697633125,0.09423828,-0.76690674,0.026550293,25.71875,-15.34375,-12.015625
680,1697633165,-0.0041503906,-0.68878174,-0.043762207,0.15625,-8.375,1.453125
681,1697633205,0.14404297,-0.8862915,0.08270264,2.53125,-4.3125,17.515625
682,1697633245,0.2175293,-1.0457153,0.082458496,9.578125,-7.3125,6.890625
683,1697633285,0.1171875,-1.0081177,0.06072998,4.515625,-12.40625,-3.34375
684,1697633325,0.05444336,-0.9104614,0.024597168,3.046875,-11.125,3.984375
685,1697633365,0.091308594,-0.9517212,0.030700684,-3.546875,-7.21875,4.8125
686,1697633405,0.11987305,-1.0894165,0.06903076,-4.78125,9.390625,1.921875
687,1697633445,0.3256836,-1.2473755,0.2033081,-7.453125,-1.625,-0.75
688,1697633485,0.28051758,-1.2839966,0.086364746,-1.265625,-15.921875,-2.5
689,1697633525,0.17016602,-1.1245728,-0.16217041,-5.71875,-12.484375,-1.6875
690,1697633565,0.46533203,-0.7930298,0.0045776367,0.6875,6.90625,-15.125
691,1697633605,0.5371094,-0.6436157,0.12445068,11.765625,-26.28125,-6.625
692,1697633645,0.09863281,-0.88848877,0.09442139,-10.703125,-18.859375,-8.203125
693,1697633685,0.03100586,-1.248352,0.062194824,-11.328125,-5.796875,-2.453125
694,1697633725,0.27294922,-0.975647,0.109069824,-6.546875,7.859375,-11.046875
695,1697633765,0.25927734,-0.70269775,0.15032959,4.9375,3.828125,-14.125
696,1697633805,0.1171875,-0.7905884,0.15765381,-4.921875,3.640625,0.390625
697,1697633845,0.07373047,-0.8731079,0.14788818,-5.234375,6.421875,12.765625
698,1697633885,0.14550781,-0.895813,0.22259521,-5.296875,11.390625,5.125
699,1697633925,0.13208008,-0.95513916,0.26800537,0.671875,2.609375,-2.828125
700,1697633965,0.0056152344,-0.9133911,0.16864014,6.03125,7.359375,-3.125
701,1697634005,0.10449219,-0.98394775,0.12762451,-3.546875,15.0625,4.328125
702,1697634045,0.4321289,-1.0845337,0.2892456,-3.09375,5.140625,6.203125
703,1697634085,0.25195312,-1.1738892,0.30291748,-16.71875,-16.1875,-4.0
704,1697634125,-0.2631836,-1.5025024,0.10760498,-8.640625,6.015625,-10.5625
705,1697634165,0.3955078,-1.239563,0.07928467,11.78125,11.671875,11.953125
706,1697634205,0.39697266,-0.6397095,0.01727295,2.921875,-10.703125,-13.609375
707,1697634245,0.1628418,-0.5532837,-0.002746582,-10.265625,12.40625,-0.6875
708,1697634285,0.17578125,-1.0947876,-0.089416504,1.375,12.828125,19.203125
709,1697634325,0.27807617,-1.2598267,0.1005249,8.25,-0.859375,4.125
710,1697634365,0.27368164,-0.94537354,0.112976074,16.046875,-6.859375,-5.703125
711,1697634405,0.06591797,-0.6699829,0.0038452148,6.390625,-8.40625,-2.3125
712,1697634445,-0.08203125,-0.7149048,0.046325684,-3.9375,-1.09375,9.25
713,1697634485,0.042236328,-0.958313,0.042175293,-2.796875,8.234375,14.921875
714,1697634525,0.21435547,-1.0532837,0.10784912,4.78125,10.71875,1.625
715,1697634565,0.23339844,-0.94244385,0.12249756,9.59375,-0.953125,1.671875
716,1697634605,0.104003906,-0.925354,0.054870605,-3.453125,-7.78125,13.84375
717,1697634645,0.08862305,-1.0542603,0.06854248,-13.453125,3.40625,5.75
718,1697634685,0.20751953,-1.1533813,0.13665771,-8.765625,-1.0,-2.765625
719,1697634725,0.2368164,-1.1748657,0.2062378,-17.171875,-7.84375,-4.578125
720,1697634765,0.1459961,-1.2766724,-0.007385254,-11.875,-4.046875,-0.703125
721,1697634805,0.45117188,-1.0715942,0.038269043,-8.34375,16.859375,-7.8125
722,1697634845,0.66552734,-0.61383057,0.09442139,7.09375,-23.921875,-14.96875
723,1697634885,0.34155273,-0.63653564,0.14447021,6.84375,-24.203125,-5.75
724,1697634925,-0.0859375,-1.0632935,0.13250732,-12.328125,-13.78125,1.265625
725,1697634965,0.06982422,-1.2647095,0.21087646,-14.140625,11.234375,0.734375
726,1697635005,0.36279297,-0.8623657,0.24090576,2.171875,6.34375,-18.5
727,1697635045,0.28466797,-0.7005005,0.19207764,4.6875,2.09375,-11.0
728,1697635085,0.09399414,-0.81451416,0.21185303,-5.46875,3.609375,6.859375
729,1697635125,0.075683594,-0.8394165,0.24456787,-0.46875,7.265625,9.8125
730,1697635165,0.1430664,-0.8960571,0.25701904,0.40625,8.875,2.5625
731,1697635205,0.14648438,-0.9417114,0.33172607,9.578125,2.3125,-5.90625
732,1697635245,0.040771484,-0.8777466,0.24725342,11.96875,5.234375,-5.0625
733,1697635285,-0.0026855469,-0.9053345,0.13568115,1.15625,12.109375,-1.078125
734,1697635325,0.51000977,-1.0825806,0.2929077,10.3125,9.75,5.609375
735,1697635365,0.24389648,-1.1768188,0.41253662,-20.578125,-18.0625,-7.015625
736,1697635405,-0.3786621,-1.4734497,0.18231201,-7.078125,4.578125,-18.5625
737,1697635445,0.39990234,-1.28302,-0.06866455,26.375,28.015625,8.203125
738,1697635485,0.6047363,-0.89923096,0.06048584,-0.640625,-18.125,8.34375
739,1697635525,0.34545898,-0.6055298,-0.05303955,16.359375,0.5,-1.78125
740,1697635565,0.020019531,-0.79815674,-0.09991455,-1.265625,12.703125,1.640625
741,1697635605,0.26513672,-1.0698853,0.086120605,4.25,1.875,21.609375
742,1697635645,0.28808594,-1.1934204,0.14935303,23.71875,-17.234375,11.703125
743,1697635685,0.28686523,-0.87872314,0.006286621,15.921875,-15.765625,-6.640625
744,1697635725,-0.061279297,-0.6658325,-0.024230957,-8.875,-11.8125,-9.078125
745,1697635765,-0.1303711,-0.9570923,0.061462402,-3.984375,-3.0,7.203125
746,1697635805,0.13183594,-1.0112915,0.02142334,9.234375,6.96875,0.625
747,1697635845,0.24609375,-0.8882446,0.090270996,0.703125,2.125,0.03125
748,1697635885,0.17163086,-0.92974854,0.043640137,3.671875,-2.375,4.65625
749,1697635925,0.07397461,-0.9780884,0.030456543,-1.765625,-5.609375,5.203125
750,1697635965,0.016601562,-0.9885864,0.00018310547,-4.8125,1.21875,0.359375
751,1697636005,0.265625,-1.1414185,0.12835693,-9.3125,10.59375,1.9375
752,1697636045,0.30419922,-1.3045044,0.24945068,-14.421875,-8.640625,-3.359375
753,1697636085,0.08642578,-1.4609985,-0.09576416,-9.125,-11.609375,-3.3125
754,1697636125,0.41674805,-0.9331665,-0.077697754,-11.90625,7.53125,-6.359375
755,1697636165,0.6279297,-0.55596924,0.026306152,8.296875,-17.40625,-13.828125
756,1697636205,0.29516602,-0.600647,0.0770874,8.09375,-26.359375,-1.65625
757,1697636245,-0.022216797,-0.9614868,0.070007324,-10.109375,-13.96875,-2.84375
758,1697636285,0.11816406,-1.388977,0.17547607,-15.28125,7.0625,6.984375
759,1697636325,0.38305664,-0.89923096,0.16253662,-3.109375,2.84375,-13.21875
