timestamp,accel_x,accel_y,accel_z,gyro_x,gyro_y,gyro_z
1695638257226,-0.7434082,0.1749878,-0.6436157,1.40625,0.296875,-0.03125
1695638257266,-0.7363281,0.1720581,-0.69732666,-0.953125,-3.734375,0.65625
1695638257306,-0.7651367,0.16448975,-0.6477661,5.296875,-3.9375,1.796875
1695638257346,-0.7844238,0.16522217,-0.65216064,4.34375,2.921875,1.546875
1695638257386,-0.8041992,0.20306396,-0.6536255,5.234375,5.5,0.484375
1695638257426,-0.69384766,0.1918335,-0.65631104,6.15625,11.703125,4.5
1695638257466,-0.7167969,0.22991943,-0.74053955,-3.109375,-0.203125,0.828125
1695638257506,-0.75,0.15765381,-0.6651001,-5.328125,0.640625,0.34375
1695638257546,-0.748291,0.19036865,-0.6807251,-5.03125,-2.90625,-1.46875
1695638257586,-0.77685547,0.16546631,-0.6499634,-2.734375,-1.4375,-0.921875
1695638257626,-0.7922363,0.18426514,-0.678772,0.59375,-3.40625,-1.875
1695638257666,-0.7487793,0.18865967,-0.6604614,4.015625,-0.984375,-1.171875
1695638257706,-0.7307129,0.19696045,-0.70440674,4.171875,1.25,-0.359375
1695638257746,-0.76000977,0.18231201,-0.6934204,5.484375,5.234375,0.53125
1695638257786,-0.7919922,0.19354248,-0.6253052,3.234375,15.359375,-1.265625
1695638257826,-0.7067871,0.19989014,-0.62506104,-4.796875,17.40625,0.359375
1695638257866,-0.79418945,0.21966553,-0.65948486,-10.875,6.796875,0.03125
1695638257906,-0.75390625,0.19110107,-0.75372314,-9.671875,2.203125,-1.4375
1695638257946,-0.7392578,0.1906128,-0.64068604,8.5625,-6.25,0.984375
1695638257986,-0.66137695,0.30023193,-0.7876587,17.140625,-14.921875,3.8125
1695638258026,-0.751709,0.3295288,-0.5923462,0.484375,8.609375,2.125
1695638258066,-0.779541,0.12640381,-0.7456665,-16.578125,-3.640625,-1.734375
1695638258106,-0.73095703,0.054626465,-0.5195923,-6.140625,1.5625,0.734375
1695638258146,-0.86328125,0.15081787,-0.3640747,-12.4375,-11.53125,0.234375
1695638258186,-0.95458984,0.1954956,-0.7444458,7.171875,5.203125,2.9375
1695638258226,-0.7138672,0.23675537,-0.73223877,-5.203125,-0.84375,-1.640625
1695638258266,-0.7458496,0.1005249,-0.67193604,-1.015625,4.921875,1.578125
1695638258306,-0.7722168,0.19500732,-0.6367798,-3.015625,3.640625,-1.28125
1695638258346,-0.654541,0.15692139,-0.69537354,1.6875,0.875,1.984375
1695638258386,-0.8208008,0.2218628,-0.7107544,-3.75,-3.5,-0.15625
1695638258426,-0.77368164,0.120788574,-0.68829346,2.046875,6.828125,-0.234375
1695638258466,-0.7150879,0.2111206,-0.6506958,1.09375,-1.375,-0.6875
1695638258506,-0.7739258,0.14471436,-0.69122314,-1.6875,0.859375,0.609375
1695638258546,-0.8562012,0.18011475,-0.6387329,2.515625,16.15625,-1.03125
1695638258586,-0.74365234,0.16571045,-0.6069946,10.578125,5.46875,-3.65625
1695638258626,-0.79174805,0.22161865,-0.6333618,6.390625,9.75,2.140625
1695638258666,-0.7817383,0.21722412,-0.62506104,0.578125,11.96875,0.4375
1695638258706,-0.80981445,0.21307373,-0.614563,5.5,0.125,-1.5
1695638258746,-0.7072754,0.25408936,-0.6416626,-5.796875,-6.671875,2.46875
1695638258786,-0.81030273,0.21844482,-0.60284424,-7.6875,-16.546875,2.21875
1695638258826,-0.83203125,0.08758545,-0.64263916,-4.640625,-4.03125,0.78125
1695638258866,-0.71362305,0.16937256,-0.6616821,-7.28125,2.5625,-3.84375
1695638258906,-0.8701172,0.20697021,-0.42388916,-25.9375,18.359375,-2.90625
1695638258946,-0.7097168,0.16326904,-0.67559814,-19.921875,14.96875,0.3125
1695638258986,-0.7194824,0.16522217,-0.97857666,9.234375,-36.984375,0.953125
1695638259026,-0.76831055,0.22283936,-0.6819458,23.765625,-12.828125,8.5625
1695638259066,-0.8156738,0.1449585,-0.6526489,6.859375,-8.40625,-0.09375
1695638259106,-0.66137695,0.13641357,-0.68951416,-5.296875,2.484375,0.375
1695638259146,-0.7614746,0.04827881,-0.5088501,-1.265625,-2.71875,-0.046875
1695638259186,-0.9277344,0.13983154,-0.6375122,-1.359375,2.515625,-2.484375
1695638259226,-0.8613281,0.19891357,-0.46636963,26.765625,21.8125,4.828125
1695638259266,-0.5905762,0.3649292,-0.9417114,-11.609375,-24.9375,-3.921875
1695638259306,-0.64086914,0.08685303,-0.6392212,-5.9375,2.0,0.734375
1695638259346,-0.8876953,0.16986084,-0.61920166,0.8125,0.90625,-1.78125
1695638259386,-0.61572266,0.2453003,-0.755188,-1.390625,2.4375,1.5625
1695638259426,-0.72436523,0.13031006,-0.6712036,-6.125,4.78125,0.734375
1695638259466,-0.8996582,0.11810303,-0.5564575,8.140625,15.609375,3.453125
1695638259506,-0.67944336,0.17352295,-0.6951294,6.78125,12.78125,0.5625
1695638259546,-0.78344727,0.20477295,-0.57403564,12.96875,-1.015625,1.5625
1695638259586,-0.9445801,0.18353271,-0.6494751,0.75,7.9375,-3.5
1695638259626,-0.6772461,0.20306396,-0.6577759,6.09375,6.328125,-2.65625
1695638259666,-0.7714844,0.24969482,-0.6135864,5.265625,0.703125,2.578125
1695638259706,-0.80029297,0.22064209,-0.5679321,-8.609375,-14.828125,1.921875
1695638259746,-0.80981445,0.1317749,-0.6802368,-15.28125,-16.25,1.9375
1695638259786,-0.78271484,0.09515381,-0.6890259,-6.234375,11.90625,-3.640625
1695638259826,-0.8273926,0.25335693,-0.489563,-17.28125,6.265625,-2.71875
1695638259866,-0.72509766,0.1696167,-0.6824341,-15.125,17.4375,-1.296875
1695638259906,-0.60498047,0.199646,-0.9031372,3.75,-7.40625,3.078125
1695638259946,-0.8840332,0.1149292,-0.59039307,9.375,12.859375,1.21875
1695638259986,-0.71972656,0.23651123,-0.7764282,-1.828125,-29.78125,-2.6875
1695638260026,-0.6542969,0.21624756,-0.66070557,24.890625,-17.046875,10.15625
1695638260066,-0.8022461,0.09246826,-0.5432739,2.578125,4.515625,0.21875
1695638260106,-0.8269043,0.113220215,-0.6243286,-1.125,-7.140625,-1.0
1695638260146,-0.69140625,0.18963623,-0.67803955,-10.09375,-4.109375,-1.765625
1695638260186,-0.7836914,0.16741943,-0.6904907,1.859375,5.609375,0.625
1695638260226,-0.6855469,0.20574951,-0.7034302,6.546875,10.59375,2.25
1695638260266,-0.72680664,0.24334717,-0.7659302,1.234375,-2.078125,1.953125
1695638260306,-0.6569824,0.21820068,-0.8057251,-3.46875,-0.984375,-1.6875
1695638260346,-0.7836914,0.20941162,-0.7095337,-2.640625,3.828125,1.78125
1695638260386,-0.7583008,0.08831787,-0.7842407,-7.625,2.234375,-0.640625
1695638260426,-0.6936035,0.18377686,-0.5005493,-9.53125,-1.578125,-3.546875
1695638260466,-0.91674805,0.10467529,-0.43536377,-0.578125,-6.3125,-0.21875
1695638260506,-0.86035156,0.22796631,-0.6824341,3.015625,5.25,8.140625
1695638260546,-0.8684082,0.11273193,-0.60113525,4.28125,10.421875,-3.96875
1695638260586,-0.5983887,0.16131592,-0.6851196,8.75,15.875,3.59375
1695638260626,-0.74560547,0.23260498,-0.73687744,-14.15625,-2.671875,-6.609375
1695638260666,-0.8913574,0.042907715,-0.54571533,-8.71875,18.484375,-4.625
1695638260706,-0.5878906,0.23260498,-0.6538696,-6.453125,0.09375,-3.5
1695638260746,-0.8852539,0.23822021,-0.71466064,-5.171875,4.390625,0.84375
1695638260786,-0.8232422,0.15350342,-0.70196533,2.96875,11.5625,-0.53125
1695638260826,-0.7128906,0.25482178,-0.69415283,0.6875,-0.59375,-1.4375
1695638260866,-0.65234375,0.20574951,-0.8045044,6.90625,-30.484375,4.75
1695638260906,-0.7392578,0.25482178,-0.57110596,7.078125,-26.703125,4.34375
1695638260946,-0.71606445,0.105895996,-0.800354,-4.03125,-9.703125,0.515625
1695638260986,-0.78515625,0.10369873,-0.5886841,-9.21875,-13.828125,-2.578125
1695638261026,-0.6777344,0.18206787,-0.72003174,0.875,0.125,-1.90625
1695638261066,-0.7104492,0.19134521,-0.6692505,-0.40625,0.15625,1.75
1695638261106,-0.7055664,0.14959717,-0.819397,3.0,0.890625,1.5625
1695638261146,-0.70458984,0.16888428,-0.694397,0.125,8.28125,1.875
1695638261186,-0.79125977,0.14886475,-0.7090454,-2.046875,7.078125,2.078125
1695638261226,-0.6538086,0.11981201,-0.64923096,0.046875,4.671875,0.625
1695638261266,-0.78222656,0.20672607,-0.74884033,-5.03125,0.109375,2.78125
1695638261306,-0.68310547,0.15887451,-0.6668091,-2.859375,-2.828125,0.109375
1695638261346,-0.796875,0.15740967,-0.82476807,-3.578125,3.78125,3.828125
1695638261386,-0.6760254,0.11517334,-0.6223755,-0.796875,5.84375,-0.09375
1695638261426,-0.6984863,0.1605835,-0.6824341,1.984375,4.328125,3.0625
1695638261466,-0.7922363,0.1305542,-0.6084595,-4.875,1.0625,0.171875
1695638261506,-0.7573242,0.109558105,-0.74835205,-0.125,8.40625,-1.6875
1695638261546,-0.7019043,0.16595459,-0.6536255,-3.5,1.8125,-1.578125
1695638261586,-0.7792969,0.15301514,-0.7178345,-16.25,-1.984375,-7.421875
1695638261626,-0.689209,0.1305542,-0.7632446,-10.5625,8.296875,3.21875
1695638261666,-0.888916,0.1305542,-0.6670532,-14.28125,21.75,-4.453125
1695638261706,-0.7138672,0.055847168,-0.553772,10.8125,17.953125,1.109375
1695638261746,-0.7524414,0.19940186,-0.7515259,1.4375,9.0625,0.453125
1695638261786,-0.7961426,0.10247803,-0.6565552,8.625,5.71875,0.0625
1695638261826,-0.8144531,0.097351074,-0.59942627,10.8125,0.203125,1.734375
1695638261866,-0.7194824,0.20477295,-0.6038208,1.90625,-26.5625,-1.125
1695638261906,-0.8659668,0.040222168,-0.5327759,-4.28125,-11.25,2.765625
1695638261946,-0.87060547,0.101257324,-0.63897705,-1.484375,1.921875,-2.5625
1695638261986,-0.82666016,0.18988037,-0.49468994,5.125,14.328125,-1.9375
1695638262026,-0.58813477,0.18084717,-0.71832275,-8.0625,4.8125,1.25
1695638262066,-0.7961426,0.2843628,-0.9890747,-4.1875,-22.75,-0.6875
1695638262106,-0.5332031,0.08734131,-0.8032837,10.6875,-9.671875,5.125
1695638262146,-0.8725586,0.19036865,-0.66778564,15.09375,-9.4375,3.015625
1695638262186,-0.6940918,0.09637451,-0.6067505,-2.5625,-1.859375,-4.1875
1695638262226,-0.7414551,0.07977295,-0.6018677,1.671875,0.453125,3.6875
1695638262266,-0.88916016,0.21551514,-0.62994385,5.046875,6.875,-2.078125
1695638262306,-0.7583008,0.14788818,-0.6812134,11.796875,13.03125,2.21875
1695638262346,-0.69433594,0.16790771,-0.6956177,-1.6875,10.453125,1.484375
1695638262386,-0.6633301,0.27044678,-0.76690674,-4.375,-7.171875,-2.234375
1695638262426,-0.7536621,0.08856201,-0.6668091,-0.84375,6.296875,0.15625
1695638262466,-0.80493164,0.17156982,-0.63726807,1.921875,6.875,-2.125
1695638262506,-0.7019043,0.1593628,-0.65460205,9.875,5.171875,-1.03125
1695638262546,-0.79907227,0.18988037,-0.690979,9.515625,9.03125,-0.703125
1695638262586,-0.7590332,0.22113037,-0.70440674,5.265625,8.71875,-0.390625
1695638262626,-0.77490234,0.20697021,-0.62213135,2.65625,7.390625,0.328125
1695638262666,-0.7692871,0.20965576,-0.6314087,-2.59375,5.640625,-0.484375
1695638262706,-0.7504883,0.20184326,-0.6387329,-0.328125,-2.703125,0.125
1695638262746,-0.78222656,0.17669678,-0.6074829,1.109375,-6.09375,0.875
1695638262786,-0.7597656,0.184021,-0.6121216,-10.25,-4.671875,0.0625
1695638262826,-0.84887695,0.22991943,-0.6734009,-18.0625,8.578125,-0.6875
1695638262866,-0.732666,0.12908936,-0.6939087,-8.5,10.015625,-1.078125
1695638262906,-0.75756836,0.18231201,-0.6487427,-2.5,2.671875,-0.265625
1695638262946,-0.7937012,0.17376709,-0.6592407,-3.0,3.21875,0.125
1695638262986,-0.7956543,0.21453857,-0.7913208,0.390625,-3.484375,-1.109375
1695638263026,-0.51342773,0.23577881,-0.83135986,14.140625,-9.0,6.84375
1695638263066,-0.94555664,0.16888428,-0.45391846,3.34375,-14.296875,4.9375
1695638263106,-0.7312012,0.081726074,-0.7202759,-4.734375,-9.828125,-0.21875
1695638263146,-0.73217773,0.18328857,-0.65289307,-2.421875,-8.65625,1.6875
1695638263186,-0.8125,0.18328857,-0.70196533,-1.53125,-0.640625,-0.078125
1695638263226,-0.7006836,0.16937256,-0.72906494,-0.671875,-1.078125,1.640625
1695638263266,-0.71240234,0.18621826,-0.7022095,0.8125,-0.890625,1.203125
1695638263306,-0.73339844,0.17718506,-0.69488525,2.5,6.296875,2.46875
1695638263346,-0.7307129,0.1437378,-0.72003174,-1.4375,0.4375,-0.078125
1695638263386,-0.6989746,0.16571045,-0.6331177,1.515625,2.28125,1.4375
1695638263426,-0.79418945,0.16497803,-0.68634033,2.234375,-0.78125,2.015625
1695638263466,-0.7636719,0.18231201,-0.5869751,-0.75,-0.296875,2.109375
1695638263506,-0.7302246,0.14910889,-0.78375244,2.40625,-2.890625,-0.640625
1695638263546,-0.7126465,0.1437378,-0.6987915,0.71875,2.109375,2.21875
1695638263586,-0.6960449,0.16986084,-0.72784424,-4.09375,5.109375,-0.453125
1695638263626,-0.6459961,0.18865967,-0.72491455,2.1875,1.625,0.984375
1695638263666,-0.76464844,0.15716553,-0.68634033,-2.359375,2.15625,-0.0625
1695638263706,-0.7409668,0.15545654,-0.6831665,1.109375,0.296875,-1.1875
1695638263746,-0.8100586,0.17694092,-0.6255493,-5.90625,3.875,-0.671875
1695638263786,-0.8088379,0.16131592,-0.70513916,2.390625,16.890625,-5.8125
1695638263826,-0.57714844,0.20721436,-0.7058716,13.765625,16.71875,6.953125
1695638263866,-0.829834,0.1774292,-0.6265259,1.859375,2.015625,-0.78125
1695638263906,-0.8312988,0.12176514,-0.6536255,-2.984375,6.484375,-3.765625
1695638263946,-0.6801758,0.2880249,-0.6802368,-2.1875,-2.59375,-0.8125
1695638263986,-0.7651367,0.17572021,-0.6033325,-9.296875,-12.0,1.328125
1695638264026,-0.8503418,0.1281128,-0.65411377,-8.71875,-6.75,-1.25
1695638264066,-0.7368164,0.16448975,-0.6536255,-4.953125,0.71875,0.265625
1695638264106,-0.7590332,0.18890381,-0.6633911,-9.203125,14.296875,-4.21875
1695638264146,-0.73999023,0.13885498,-0.70806885,-8.234375,23.875,0.34375
1695638264186,-0.74243164,0.168396,-0.73443604,-2.8125,4.546875,-1.125
1695638264226,-0.8630371,0.17034912,-0.65411377,5.109375,1.8125,-0.953125
1695638264266,-0.63964844,0.19818115,-0.70928955,5.0,-24.765625,-0.6875
1695638264306,-0.6953125,0.25775146,-0.6724243,7.796875,-32.328125,6.859375
1695638264346,-0.8449707,0.09954834,-0.7451782,-7.21875,-6.75,-1.859375
1695638264386,-0.6687012,0.109558105,-0.66778564,3.625,-10.65625,-1.203125
1695638264426,-0.7463379,0.15301514,-0.6963501,-2.21875,-6.765625,0.90625
1695638264466,-0.73657227,0.21087646,-0.6602173,8.90625,2.15625,2.5625
1695638264506,-0.7871094,0.18865967,-0.75665283,0.171875,1.0625,1.8125
1695638264546,-0.6945801,0.17279053,-0.7283325,2.546875,-1.03125,2.578125
1695638264586,-0.7253418,0.16351318,-0.81036377,-4.765625,6.875,2.421875
1695638264626,-0.67749023,0.12713623,-0.67315674,-2.953125,3.484375,-0.40625
1695638264666,-0.673584,0.16009521,-0.6050415,-10.6875,-2.703125,-0.734375
1695638264706,-0.8220215,0.17352295,-0.76763916,-3.296875,-3.15625,0.234375
1695638264746,-0.7529297,0.14276123,-0.70025635,1.3125,5.734375,4.65625
1695638264786,-0.7038574,0.18939209,-0.66412354,5.15625,4.703125,2.65625
1695638264826,-0.71069336,0.12762451,-0.70513916,1.53125,7.875,1.78125
1695638264866,-0.7338867,0.15545654,-0.6704712,0.09375,1.640625,0.90625
1695638264906,-0.77490234,0.13470459,-0.6721802,-0.46875,9.0,0.40625
1695638264946,-0.7158203,0.16156006,-0.7007446,-0.234375,3.546875,1.28125
1695638264986,-0.7739258,0.11566162,-0.67388916,-4.375,9.75,-2.484375
1695638265026,-0.7233887,0.19500732,-0.803772,-6.59375,-0.171875,1.125
1695638265066,-0.7792969,0.13104248,-0.6272583,-6.796875,6.734375,-1.359375
1695638265106,-0.7619629,0.12054443,-0.72662354,3.875,1.140625,3.921875
1695638265146,-0.7363281,0.15008545,-0.5713501,4.75,7.96875,2.3125
1695638265186,-0.7739258,0.12322998,-0.63116455,6.796875,13.3125,1.15625
1695638265226,-0.7998047,0.16448975,-0.57037354,8.0,13.234375,1.484375
1695638265266,-0.7155762,0.15838623,-0.75079346,-1.109375,2.0625,-2.90625
1695638265306,-0.79663086,0.1329956,-0.62872314,7.328125,2.640625,-1.9375
1695638265346,-0.8745117,0.15179443,-0.5823364,5.109375,3.890625,-0.59375
1695638265386,-0.76831055,0.23187256,-0.6260376,-3.8125,-0.609375,-2.09375
1695638265426,-0.7741699,0.1798706,-0.66119385,-0.265625,-3.984375,1.890625
1695638265466,-0.8125,0.1671753,-0.67144775,-4.640625,-1.46875,-1.703125
1695638265506,-0.7351074,0.17816162,-0.6135864,-2.90625,-5.296875,0.0625
1695638265546,-0.7861328,0.16937256,-0.6675415,-1.125,-9.515625,0.484375
1695638265586,-0.77197266,0.1437378,-0.62457275,-2.34375,-5.53125,-0.703125
1695638265626,-0.8120117,0.16668701,-0.6296997,-1.34375,0.484375,-0.546875
1695638265666,-0.8522949,0.12445068,-0.5393677,-3.953125,16.296875,-0.359375
1695638265706,-0.7084961,0.12640381,-0.6182251,-1.09375,22.34375,0.546875
1695638265746,-0.72802734,0.24578857,-0.75738525,2.1875,-18.28125,-0.046875
1695638265786,-0.7907715,0.1408081,-0.7217407,1.46875,-14.8125,-2.484375
1695638265826,-0.66430664,0.27703857,-0.8010864,2.4375,-9.453125,7.046875
1695638265866,-0.89404297,0.11004639,-0.5745239,12.015625,-9.015625,1.78125
1695638265906,-0.74121094,0.16326904,-0.68756104,-6.75,3.578125,-4.734375
1695638265946,-0.69506836,0.10028076,-0.60528564,-5.578125,-1.21875,2.359375
1695638265986,-0.67749023,0.17010498,-0.6350708,-4.625,-5.515625,-3.609375
1695638266026,-0.92822266,0.21966553,-0.600647,3.96875,2.15625,2.046875
1695638266066,-0.77124023,0.101257324,-0.68292236,-4.5625,5.484375,0.390625
1695638266106,-0.6921387,0.16571045,-0.7581177,2.171875,3.25,0.234375
1695638266146,-0.6916504,0.17474365,-0.71295166,-5.78125,4.1875,5.046875
1695638266186,-0.7414551,0.17767334,-0.68463135,4.546875,1.84375,-1.0
1695638266226,-0.74438477,0.14691162,-0.62213135,-5.90625,4.015625,1.890625
1695638266266,-0.80688477,0.13006592,-0.7061157,1.0625,2.453125,-0.109375
1695638266306,-0.7385254,0.15618896,-0.59503174,-4.546875,2.71875,0.171875
1695638266346,-0.796875,0.18572998,-0.76348877,0.296875,0.578125,0.828125
1695638266386,-0.6645508,0.13079834,-0.7007446,-1.078125,1.078125,-1.4375
1695638266426,-0.7519531,0.1552124,-0.6831665,0.515625,-2.71875,-0.484375
1695638266466,-0.77734375,0.14788818,-0.6694946,-1.65625,1.359375,-0.328125
1695638266506,-0.75561523,0.19281006,-0.63116455,-0.78125,-0.09375,-1.0625
1695638266546,-0.78515625,0.1317749,-0.66656494,0.203125,4.625,1.578125
1695638266586,-0.77441406,0.16522217,-0.6856079,1.890625,5.703125,1.625
1695638266626,-0.7961426,0.14837646,-0.64068604,-0.390625,12.4375,0.609375
1695638266666,-0.75390625,0.15887451,-0.62286377,7.15625,6.96875,-0.28125
1695638266706,-0.66137695,0.16156006,-0.7127075,4.421875,6.84375,0.84375
1695638266746,-0.8684082,0.18792725,-0.61920166,-0.421875,4.0625,-0.296875
1695638266786,-0.8034668,0.13568115,-0.62042236,1.921875,-0.09375,-1.96875
1695638266826,-0.73168945,0.21429443,-0.62677,0.34375,3.734375,1.953125
1695638266866,-0.80737305,0.17596436,-0.6174927,-2.8125,-1.375,1.046875
1695638266906,-0.7963867,0.13616943,-0.59991455,0.53125,1.4375,-0.546875
1695638266946,-0.7373047,0.23553467,-0.7197876,1.65625,4.46875,-0.0625
1695638266986,-0.81396484,0.1564331,-0.61968994,-0.703125,4.046875,-0.34375
1695638267026,-0.8322754,0.14178467,-0.62579346,-6.546875,2.890625,-2.359375
1695638267066,-0.7470703,0.22723389,-0.6709595,-1.9375,-7.515625,-3.0625
1695638267106,-0.7282715,0.17718506,-0.6682739,-3.1875,-5.796875,1.15625
1695638267146,-0.7314453,0.19793701,-0.67755127,1.140625,-15.953125,0.828125
1695638267186,-0.76342773,0.1954956,-0.67559814,-2.5,-6.5,1.578125
1695638267226,-0.7753906,0.14471436,-0.6416626,-3.046875,-8.96875,-2.03125
1695638267266,-0.7541504,0.12982178,-0.6240845,-0.28125,-3.3125,0.5625
1695638267306,-0.7949219,0.1564331,-0.68170166,-0.671875,-2.890625,-1.546875
1695638267346,-0.74902344,0.17694092,-0.70098877,2.4375,7.296875,-0.765625
1695638267386,-0.6315918,0.20672607,-0.7295532,1.703125,0.828125,0.1875
1695638267426,-0.7758789,0.18206787,-0.6375122,-1.921875,-3.515625,1.96875
1695638267466,-0.7050781,0.16229248,-0.77960205,-6.96875,-6.015625,-0.96875
1695638267506,-0.77197266,0.15618896,-0.6460571,-0.84375,-0.96875,-0.25
1695638267546,-0.7314453,0.1618042,-0.6807251,-3.875,1.984375,-1.1875
1695638267586,-0.7265625,0.16644287,-0.7024536,-2.671875,4.296875,-0.84375
1695638267626,-0.6911621,0.15374756,-0.710022,-1.046875,-1.390625,-1.3125
1695638267666,-0.73583984,0.1774292,-0.7197876,-5.625,-3.6875,0.359375
1695638267706,-0.73291016,0.15252686,-0.7515259,-1.15625,-6.421875,-0.265625
1695638267746,-0.7648926,0.1774292,-0.6536255,-1.796875,0.078125,0.640625
1695638267786,-0.72680664,0.15252686,-0.6687622,0.671875,2.6875,-0.671875
1695638267826,-0.7207031,0.15350342,-0.704895,2.703125,8.328125,1.96875
1695638267866,-0.69555664,0.16473389,-0.70977783,6.15625,2.953125,1.609375
1695638267906,-0.7294922,0.17303467,-0.675354,-1.546875,-4.5625,-0.671875
1695638267946,-0.765625,0.16351318,-0.72784424,-1.328125,-2.84375,1.375
1695638267986,-0.7363281,0.14959717,-0.6709595,-0.5,1.265625,0.328125
1695638268026,-0.7109375,0.17449951,-0.70196533,-0.5,1.28125,1.015625
1695638268066,-0.7224121,0.14788818,-0.70147705,1.53125,4.859375,1.109375
1695638268106,-0.7036133,0.15496826,-0.7337036,-3.65625,2.125,-0.375
1695638268146,-0.7043457,0.19598389,-0.7510376,0.765625,-5.921875,0.484375
1695638268186,-0.7727051,0.15301514,-0.69610596,0.53125,-1.078125,0.375
1695638268226,-0.7089844,0.19525146,-0.6987915,-3.453125,-2.765625,0.53125
1695638268266,-0.7167969,0.14910889,-0.6951294,-2.640625,0.4375,1.578125
1695638268306,-0.7685547,0.13250732,-0.6975708,-0.421875,5.640625,-0.328125
1695638268346,-0.70288086,0.1593628,-0.71343994,2.3125,7.3125,0.671875
1695638268386,-0.68481445,0.19744873,-0.7288208,0.28125,2.953125,0.328125
1695638268426,-0.7351074,0.14788818,-0.6692505,-2.234375,-1.53125,0.21875
1695638268466,-0.7434082,0.16156006,-0.73565674,0.28125,-0.25,2.625
1695638268506,-0.71777344,0.14349365,-0.675354,-1.953125,1.5625,-0.234375
1695638268546,-0.77368164,0.14666748,-0.6658325,2.140625,1.375,0.28125
1695638268586,-0.6994629,0.16864014,-0.7366333,-2.0,5.09375,0.15625
1695638268626,-0.7390137,0.1486206,-0.67559814,3.671875,6.109375,0.640625
1695638268666,-0.73461914,0.19207764,-0.7005005,0.5625,0.265625,1.328125
1695638268706,-0.6906738,0.16131592,-0.7398071,-2.703125,-0.734375,0.609375
1695638268746,-0.74780273,0.15350342,-0.7029419,3.359375,4.546875,2.96875
1695638268786,-0.7585449,0.16009521,-0.6482544,-1.46875,0.75,-0.46875
1695638268826,-0.7290039,0.15228271,-0.70025635,-0.015625,0.125,0.46875
1695638268866,-0.76416016,0.15863037,-0.6885376,1.515625,2.953125,-0.0625
1695638268906,-0.7355957,0.18548584,-0.69366455,-0.390625,2.90625,-0.609375
1695638268946,-0.71191406,0.16741943,-0.6694946,0.703125,1.265625,1.078125
1695638268986,-0.7062988,0.19329834,-0.7432251,-1.96875,-0.171875,1.015625
1695638269026,-0.7687988,0.1605835,-0.66656494,1.078125,2.546875,1.1875
1695638269066,-0.7307129,0.15374756,-0.6826782,-3.171875,1.0,-0.234375
1695638269106,-0.75756836,0.14324951,-0.65045166,-1.421875,2.28125,0.390625
1695638269146,-0.75,0.16009521,-0.69488525,1.90625,2.734375,-0.125
1695638269186,-0.70336914,0.1774292,-0.6878052,-1.625,1.0,0.3125
1695638269226,-0.77734375,0.15789795,-0.6692505,-1.40625,0.578125,0.234375
1695638269266,-0.70581055,0.17108154,-0.68878174,-4.515625,-1.078125,0.21875
1695638269306,-0.7705078,0.1449585,-0.6682739,-3.296875,-2.625,-0.703125
1695638269346,-0.72436523,0.152771,-0.71417236,-2.40625,0.015625,0.265625
1695638269386,-0.75439453,0.15447998,-0.6748657,0.234375,-1.1875,0.796875
1695638269426,-0.75146484,0.13519287,-0.7005005,0.234375,1.765625,-0.859375
1695638269466,-0.70874023,0.17645264,-0.6929321,0.671875,1.328125,0.421875
1695638269506,-0.73779297,0.15887451,-0.71343994,-2.0,-1.625,0.625
1695638269546,-0.74121094,0.16156006,-0.6958618,0.203125,0.25,0.21875
1695638269586,-0.73339844,0.14715576,-0.6790161,-1.109375,-0.03125,0.765625
1695638269626,-0.7324219,0.16351318,-0.6970825,-2.8125,1.578125,0.453125
1695638269666,-0.7570801,0.13787842,-0.6987915,-0.390625,4.640625,0.203125
1695638269706,-0.75439453,0.16741943,-0.70635986,-4.53125,0.921875,0.34375
1695638269746,-0.7006836,0.14593506,-0.6885376,-0.75,1.6875,0.953125
1695638269786,-0.77783203,0.120788574,-0.6838989,1.15625,2.125,-1.1875
1695638269826,-0.74072266,0.16693115,-0.66070557,1.125,2.921875,0.078125
1695638269866,-0.72094727,0.1473999,-0.69122314,-1.109375,0.578125,-0.890625
1695638269906,-0.7766113,0.14764404,-0.71295166,0.28125,2.65625,-0.421875
1695638269946,-0.8017578,0.14300537,-0.6416626,1.734375,9.484375,-2.84375
1695638269986,-0.71728516,0.15032959,-0.6304321,6.484375,6.90625,-1.15625
1695638270026,-0.7282715,0.19451904,-0.67193604,7.25,6.109375,2.0625
1695638270066,-0.83984375,0.18939209,-0.6592407,0.40625,6.96875,-1.90625
1695638270106,-0.7102051,0.14276123,-0.7178345,4.171875,-7.625,-1.953125
1695638270146,-0.748291,0.21722412,-0.6321411,4.375,1.328125,0.8125
1695638270186,-0.68310547,0.23675537,-0.74591064,3.234375,-9.296875,1.828125
1695638270226,-0.79003906,0.17596436,-0.6026001,3.703125,-2.234375,2.234375
1695638270266,-0.7006836,0.18890381,-0.7022095,-4.234375,-0.203125,-0.015625
1695638270306,-0.7351074,0.14959717,-0.68829346,0.546875,-4.609375,0.375
1695638270346,-0.7832031,0.17669678,-0.66119385,0.203125,-2.78125,-0.265625
1695638270386,-0.7246094,0.20281982,-0.70684814,-2.15625,-3.765625,-0.953125
1695638270426,-0.736084,0.20794678,-0.69854736,0.328125,1.0625,0.921875
1695638270466,-0.70092773,0.18548584,-0.7022095,-1.484375,2.890625,-0.578125
1695638270506,-0.7348633,0.18939209,-0.6992798,0.234375,1.328125,0.84375
1695638270546,-0.74316406,0.17108154,-0.69317627,-2.21875,-1.515625,-0.359375
1695638270586,-0.7180176,0.20574951,-0.70147705,-2.3125,-0.96875,-0.09375
1695638270626,-0.7441406,0.17376709,-0.6682739,-1.578125,1.078125,-0.21875
1695638270666,-0.7233887,0.1954956,-0.7053833,-0.71875,1.734375,0.671875
1695638270706,-0.72558594,0.18988037,-0.7024536,-1.234375,2.625,0.671875
1695638270746,-0.71313477,0.17401123,-0.68951416,-1.0625,0.734375,0.375
1695638270786,-0.7133789,0.18963623,-0.73321533,-2.203125,1.640625,0.78125
1695638270826,-0.75,0.1593628,-0.6680298,0.609375,-0.625,0.125
1695638270866,-0.7373047,0.18133545,-0.6790161,0.5625,1.21875,0.5
1695638270906,-0.7355957,0.18157959,-0.67388916,2.4375,1.890625,0.25
1695638270946,-0.71435547,0.20184326,-0.69659424,1.890625,2.296875,1.90625
1695638270986,-0.7426758,0.1798706,-0.6748657,-1.359375,-2.375,-0.296875
1695638271026,-0.7561035,0.17816162,-0.69488525,-2.359375,-0.0625,0.125
1695638271066,-0.6838379,0.1942749,-0.6860962,0.015625,-1.265625,0.109375
1695638271106,-0.7675781,0.18157959,-0.69854736,-0.109375,-0.15625,0.734375
1695638271146,-0.703125,0.17889404,-0.7407837,1.734375,2.828125,0.609375
1695638271186,-0.71875,0.18035889,-0.6812134,0.84375,-0.859375,0.1875
1695638271226,-0.74902344,0.17523193,-0.66729736,1.515625,1.59375,0.296875
1695638271266,-0.7434082,0.21380615,-0.6946411,0.15625,0.140625,0.5
1695638271306,-0.7150879,0.1930542,-0.69488525,-1.171875,0.796875,-0.140625
1695638271346,-0.7077637,0.20672607,-0.71539307,-1.828125,0.625,1.453125
1695638271386,-0.73413086,0.17816162,-0.68463135,1.9375,0.109375,0.734375
1695638271426,-0.72509766,0.19378662,-0.7034302,-0.546875,-0.921875,0.25
1695638271466,-0.7224121,0.18475342,-0.7029419,1.015625,-1.84375,0.15625
1695638271506,-0.7351074,0.1954956,-0.6734009,0.984375,0.78125,0.84375
1695638271546,-0.73461914,0.19647217,-0.68585205,1.78125,0.21875,0.484375
1695638271586,-0.6936035,0.21038818,-0.7061157,-0.1875,-0.53125,0.9375
1695638271626,-0.74438477,0.20404053,-0.71051025,-3.65625,1.734375,1.703125
1695638271666,-0.6777344,0.17156982,-0.6851196,0.78125,1.359375,0.0625
1695638271706,-0.7609863,0.21185303,-0.73809814,-6.0,-0.53125,2.671875
1695638271746,-0.7277832,0.16546631,-0.71221924,-3.234375,-2.765625,0.265625
1695638271786,-0.7375488,0.21697998,-0.6946411,-0.59375,3.171875,2.5
1695638271826,-0.70410156,0.15447998,-0.661438,5.0,1.234375,2.59375
1695638271866,-0.7336426,0.16741943,-0.7012329,1.46875,0.703125,2.265625
1695638271906,-0.65527344,0.18011475,-0.7324829,0.046875,-2.5625,-0.859375
1695638271946,-0.7546387,0.17718506,-0.6777954,-1.875,-1.140625,-0.875
1695638271986,-0.7470703,0.16595459,-0.70880127,-1.125,-0.171875,-0.71875
1695638272026,-0.7011719,0.18353271,-0.6799927,-0.1875,2.78125,0.0
1695638272066,-0.7607422,0.17352295,-0.7124634,-1.046875,-1.03125,-1.078125
1695638272106,-0.6977539,0.19378662,-0.70025635,-1.796875,-0.03125,-0.609375
1695638272146,-0.78027344,0.18426514,-0.6724243,-4.515625,-4.109375,-2.171875
1695638272186,-0.6862793,0.18841553,-0.7258911,-5.234375,6.265625,0.3125
1695638272226,-0.7023926,0.1876831,-0.71221924,-8.6875,1.5,-3.578125
1695638272266,-0.7722168,0.124938965,-0.68170166,-9.375,7.203125,-3.140625
1695638272306,-0.6608887,0.17645264,-0.6687622,0.296875,25.015625,1.46875
1695638272346,-0.7260742,0.19354248,-0.7246704,-6.59375,2.28125,-0.65625
1695638272386,-0.7324219,0.17254639,-0.8377075,-0.328125,-17.75,-0.25
1695638272426,-0.53393555,0.21307373,-0.927063,30.015625,-18.5625,8.3125
1695638272466,-0.7380371,0.199646,-0.71881104,2.546875,-5.859375,-3.0625
1695638272506,-0.6977539,0.121276855,-0.7698364,2.828125,1.4375,1.53125
1695638272546,-0.72680664,0.19818115,-0.6201782,-1.4375,3.875,-4.84375
1695638272586,-0.7468262,0.2423706,-0.6436157,-7.0625,3.953125,1.46875
1695638272626,-0.6604004,0.18841553,-0.7058716,0.453125,2.9375,2.6875
1695638272666,-0.72753906,0.18865967,-0.81817627,-6.171875,2.78125,3.328125
1695638272706,-0.67333984,0.11907959,-0.6589966,0.1875,1.921875,-0.296875
1695638272746,-0.6833496,0.16937256,-0.7542114,-5.0,7.515625,1.40625
1695638272786,-0.7468262,0.1774292,-0.68170166,-3.40625,0.109375,0.75
1695638272826,-0.7194824,0.08758545,-0.6655884,-5.390625,6.015625,-0.890625
1695638272866,-0.67529297,0.23358154,-0.78326416,2.546875,4.546875,0.25
1695638272906,-0.6862793,0.1720581,-0.6358032,-2.328125,1.078125,1.8125
1695638272946,-0.86499023,0.199646,-0.79107666,-0.1875,-0.09375,0.484375
1695638272986,-0.6442871,0.08148193,-0.6482544,-0.6875,7.0625,-1.15625
1695638273026,-0.7836914,0.21502686,-0.69415283,-4.125,1.171875,1.875
1695638273066,-0.76660156,0.093933105,-0.6633911,-7.921875,8.046875,-4.90625
1695638273106,-0.67529297,0.24627686,-0.7686157,-9.953125,4.171875,-4.390625
1695638273146,-0.7922363,0.09197998,-0.57403564,-0.078125,14.9375,-1.859375
1695638273186,-0.75268555,0.15472412,-0.73394775,0.53125,16.578125,3.859375
1695638273226,-0.62109375,0.16595459,-0.72735596,4.421875,-5.96875,1.171875
1695638273266,-0.85717773,0.15130615,-0.7041626,-0.90625,4.84375,3.578125
1695638273306,-0.6928711,0.17401123,-0.68878174,-4.03125,-5.1875,-1.21875
1695638273346,-0.6755371,0.21453857,-0.9260864,11.421875,-23.53125,5.90625
1695638273386,-0.82250977,0.15618896,-0.5166626,17.875,-4.203125,7.875
1695638273426,-0.71240234,0.18792725,-0.940979,1.640625,-6.75,-2.71875
1695638273466,-0.6113281,0.15374756,-0.5755005,-2.265625,-0.03125,1.859375
1695638273506,-0.8547363,0.14910889,-0.5906372,-1.390625,-0.578125,2.328125
1695638273546,-0.82421875,0.16888428,-0.67193604,-1.140625,2.875,-0.390625
1695638273586,-0.6179199,0.18060303,-0.7605591,2.078125,2.9375,0.59375
1695638273626,-0.74609375,0.14959717,-0.7449341,-0.78125,-1.171875,1.09375
1695638273666,-0.69262695,0.16375732,-0.66119385,0.171875,3.703125,-1.125
1695638273706,-0.73999023,0.17816162,-0.7337036,-5.390625,-0.546875,0.921875
1695638273746,-0.7324219,0.15325928,-0.6592407,0.453125,4.640625,-0.609375
1695638273786,-0.79785156,0.14813232,-0.71710205,-3.140625,7.46875,-0.484375
1695638273826,-0.67822266,0.18426514,-0.6643677,0.515625,3.9375,-1.078125
1695638273866,-0.7536621,0.1437378,-0.7007446,-4.0,0.78125,-0.78125
1695638273906,-0.77368164,0.17962646,-0.6682739,-2.734375,4.328125,-0.984375
1695638273946,-0.8342285,0.14569092,-0.5772095,-6.296875,11.15625,-3.15625
1695638273986,-0.76171875,0.13372803,-0.66192627,-0.75,6.84375,-3.140625
1695638274026,-0.6887207,0.21258545,-0.7144165,-3.21875,1.1875,1.09375
1695638274066,-0.8093262,0.13665771,-0.6157837,0.1875,7.21875,1.890625
1695638274106,-0.7805176,0.20526123,-0.7444458,-0.109375,-0.65625,-1.046875
1695638274146,-0.6699219,0.22137451,-0.68218994,-4.6875,-6.453125,0.015625
1695638274186,-0.7207031,0.105895996,-0.77423096,10.8125,-14.046875,2.015625
1695638274226,-0.76220703,0.24261475,-0.6790161,5.484375,-8.828125,3.625
1695638274266,-0.6611328,0.18743896,-0.7324829,0.0,-9.421875,2.75
1695638274306,-0.7463379,0.10491943,-0.6865845,-3.75,-6.375,-0.484375
1695638274346,-0.80493164,0.15570068,-0.65582275,-3.984375,-7.90625,-3.0
1695638274386,-0.67285156,0.20306396,-0.6795044,-1.828125,2.890625,0.375
1695638274426,-0.7922363,0.1642456,-0.7024536,2.375,-0.140625,-0.453125
1695638274466,-0.704834,0.1708374,-0.7637329,-0.90625,4.0,1.125
1695638274506,-0.7832031,0.17352295,-0.67193604,-7.015625,4.359375,-0.765625
1695638274546,-0.6347656,0.16009521,-0.8440552,-7.078125,4.21875,1.859375
1695638274586,-0.6904297,0.17156982,-0.6560669,-4.109375,3.8125,0.21875
1695638274626,-0.7602539,0.11639404,-0.6531372,-3.21875,2.78125,0.953125
1695638274666,-0.77124023,0.16351318,-0.6721802,-1.0625,1.65625,0.40625
1695638274706,-0.7158203,0.1305542,-0.7000122,2.53125,11.734375,0.0625
1695638274746,-0.74731445,0.1852417,-0.6655884,1.15625,4.6875,1.1875
1695638274786,-0.76000977,0.09906006,-0.6765747,-3.890625,5.015625,-0.875
1695638274826,-0.7248535,0.18255615,-0.6777954,1.03125,3.46875,-2.09375
1695638274866,-0.77246094,0.16693115,-0.63604736,-7.296875,5.28125,0.703125
1695638274906,-0.80737305,0.11029053,-0.6577759,-1.953125,14.015625,-1.53125
1695638274946,-0.7067871,0.19793701,-0.722229,1.328125,4.859375,-1.078125
1695638274986,-0.7805176,0.15740967,-0.62091064,1.546875,8.578125,1.5
1695638275026,-0.83203125,0.09710693,-0.6553345,4.9375,1.59375,-0.03125
1695638275066,-0.7824707,0.2008667,-0.63531494,5.65625,0.625,0.328125
1695638275106,-0.7294922,0.13787842,-0.5869751,3.984375,0.40625,0.640625
1695638275146,-0.82788086,0.18060303,-0.68170166,2.171875,-1.703125,1.171875
1695638275186,-0.77441406,0.17913818,-0.59552,3.71875,-0.90625,0.78125
1695638275226,-0.7758789,0.17303467,-0.6355591,0.953125,-1.4375,1.234375
1695638275266,-0.78759766,0.18109131,-0.63775635,-0.109375,-1.890625,-1.53125
1695638275306,-0.7614746,0.1630249,-0.63067627,0.328125,-2.984375,0.640625
1695638275346,-0.79541016,0.14593506,-0.5857544,0.359375,-3.453125,-0.71875
1695638275386,-0.73095703,0.14910889,-0.6553345,-7.265625,-4.015625,-1.296875
1695638275426,-0.7597656,0.19769287,-0.7268677,-4.21875,2.09375,-1.0625
1695638275466,-0.7709961,0.17279053,-0.69073486,0.03125,-3.453125,-0.6875
1695638275506,-0.8063965,0.17767334,-0.66607666,1.859375,-0.78125,0.921875
1695638275546,-0.74194336,0.1852417,-0.66900635,-3.921875,1.921875,-0.921875
1695638275586,-0.7702637,0.1708374,-0.67022705,-3.671875,0.515625,0.0
1695638275626,-0.6887207,0.18426514,-0.756897,-2.65625,-5.6875,-0.21875
1695638275666,-0.7207031,0.168396,-0.722229,0.71875,-8.453125,-0.84375
1695638275706,-0.78466797,0.16912842,-0.65460205,-1.296875,-3.296875,-0.5
1695638275746,-0.7224121,0.15716553,-0.6712036,1.296875,-3.859375,-1.0625
1695638275786,-0.7651367,0.16888428,-0.6675415,0.0625,-1.546875,-0.28125
1695638275826,-0.71069336,0.1906128,-0.72662354,0.453125,0.34375,-0.328125
1695638275866,-0.7402344,0.17840576,-0.6880493,-0.859375,2.40625,0.15625
1695638275906,-0.74194336,0.168396,-0.68756104,-0.3125,1.125,-0.078125
1695638275946,-0.7036133,0.17816162,-0.7161255,-1.65625,0.234375,0.0625
1695638275986,-0.7529297,0.16204834,-0.6880493,-0.578125,0.484375,0.265625
1695638276026,-0.7338867,0.17596436,-0.6934204,-0.734375,0.265625,0.25
1695638276066,-0.734375,0.16741943,-0.694397,-1.03125,0.21875,0.34375
1695638276106,-0.72631836,0.15740967,-0.69976807,-1.265625,-0.359375,-0.171875
1695638276146,-0.72509766,0.18304443,-0.69537354,-0.9375,-1.59375,0.40625
1695638276186,-0.7145996,0.1605835,-0.70684814,-0.375,-2.140625,0.546875
1695638276226,-0.70703125,0.18035889,-0.7241821,0.609375,-1.40625,1.078125
1695638276266,-0.7128906,0.16448975,-0.69073486,2.59375,-2.265625,2.390625
1695638276306,-0.7519531,0.15130615,-0.68756104,-3.0625,-3.140625,1.140625
1695638276346,-0.76123047,0.1774292,-0.69976807,3.65625,-1.609375,1.984375
1695638276386,-0.7219238,0.19793701,-0.7149048,0.109375,2.203125,0.453125
1695638276426,-0.6970215,0.17279053,-0.6946411,0.078125,-1.96875,0.546875
1695638276466,-0.70410156,0.1630249,-0.7383423,-1.828125,1.90625,0.171875
1695638276506,-0.67211914,0.17962646,-0.7268677,-0.40625,0.21875,1.265625
1695638276546,-0.7077637,0.15618896,-0.72247314,-1.734375,-2.96875,-0.015625
1695638276586,-0.7458496,0.1720581,-0.68829346,-2.09375,-0.4375,-0.0625
1695638276626,-0.7011719,0.16986084,-0.68829346,-3.15625,-0.828125,-0.296875
1695638276666,-0.6940918,0.17791748,-0.76519775,0.21875,-1.4375,0.59375
1695638276706,-0.7451172,0.15618896,-0.6506958,0.375,0.21875,0.71875
1695638276746,-0.68847656,0.15863037,-0.7383423,0.765625,-1.21875,1.234375
1695638276786,-0.7138672,0.18157959,-0.7732544,11.828125,6.984375,5.234375
1695638276826,-0.765625,0.16278076,-0.6675415,6.40625,5.1875,0.828125
1695638276866,-0.7092285,0.18231201,-0.68096924,2.796875,1.6875,2.265625
1695638276906,-0.69628906,0.20501709,-0.7210083,-2.03125,2.078125,0.40625
1695638276946,-0.74438477,0.17279053,-0.7095337,0.171875,3.421875,0.65625
1695638276986,-0.67529297,0.19744873,-0.708313,0.4375,-0.46875,-0.421875
1695638277026,-0.74365234,0.17425537,-0.73516846,-2.421875,-1.53125,0.1875
1695638277066,-0.70532227,0.17669678,-0.67681885,-2.03125,3.53125,-1.625
1695638277106,-0.73168945,0.1515503,-0.6724243,-1.078125,-2.46875,-2.078125
1695638277146,-0.74316406,0.17059326,-0.77471924,3.3125,3.9375,0.390625
1695638277186,-0.7463379,0.23553467,-0.6104126,-1.296875,0.9375,0.5625
1695638277226,-0.720459,0.15618896,-0.7251587,-1.453125,0.15625,-0.4375
1695638277266,-0.7072754,0.18157959,-0.675354,-1.125,0.28125,0.9375
1695638277306,-0.8046875,0.16375732,-0.7085571,-7.890625,0.828125,-2.125
1695638277346,-0.6960449,0.09954834,-0.62506104,8.4375,11.921875,-3.40625
1695638277386,-0.69140625,0.27313232,-0.7798462,0.984375,-0.609375,3.4375
1695638277426,-0.7651367,0.13909912,-0.63897705,-6.25,5.78125,-1.84375
1695638277466,-0.7709961,0.19110107,-0.7185669,2.734375,4.578125,-0.28125
1695638277506,-0.6665039,0.21917725,-0.67071533,-3.203125,-0.859375,0.546875
1695638277546,-0.76538086,0.19329834,-0.7046509,-15.6875,3.828125,-1.78125
1695638277586,-0.7270508,0.14935303,-0.706604,-8.1875,3.078125,-0.765625
1695638277626,-0.7138672,0.18572998,-0.7017212,-4.9375,4.390625,-1.015625
1695638277666,-0.6369629,0.152771,-0.7637329,0.4375,-11.5,2.90625
1695638277706,-0.70581055,0.19403076,-0.84161377,17.375,-25.234375,4.609375
1695638277746,-0.6513672,0.20257568,-0.76690674,11.515625,-12.65625,-0.15625
1695638277786,-0.6188965,0.20501709,-0.7720337,2.484375,-1.90625,-2.3125
1695638277826,-0.7585449,0.07977295,-0.5889282,4.484375,-3.1875,2.890625
1695638277866,-0.7441406,0.26434326,-0.6433716,6.375,3.46875,6.5
1695638277906,-0.86328125,0.19525146,-0.6338501,-4.890625,1.828125,-0.015625
1695638277946,-0.751709,0.14056396,-0.6799927,-3.453125,9.671875,0.78125
1695638277986,-0.5761719,0.22454834,-0.7715454,-2.984375,4.171875,3.203125
1695638278026,-0.72216797,0.1083374,-0.5913696,-3.859375,5.109375,3.1875
1695638278066,-0.7248535,0.21160889,-0.78131104,0.140625,-0.921875,3.640625
1695638278106,-0.6921387,0.14959717,-0.6712036,-3.53125,-0.46875,0.09375
1695638278146,-0.79296875,0.22235107,-0.76568604,-4.296875,7.75,3.1875
1695638278186,-0.58374023,0.14715576,-0.6135864,-2.0,-2.703125,-6.453125
1695638278226,-0.8251953,0.21087646,-0.78204346,-6.46875,5.0,4.90625
1695638278266,-0.6750488,0.1564331,-0.67633057,0.453125,-5.5,-4.171875
1695638278306,-0.7626953,0.14324951,-0.6367798,-0.1875,5.609375,1.015625
1695638278346,-0.8701172,0.14398193,-0.61016846,-4.90625,5.75,-4.1875
1695638278386,-0.67333984,0.13372803,-0.6567993,3.90625,26.3125,3.09375
1695638278426,-0.6635742,0.24310303,-0.82037354,7.09375,6.703125,6.359375
1695638278466,-0.83691406,0.1305542,-0.60162354,1.65625,6.234375,-3.734375
1695638278506,-0.74780273,0.15814209,-0.6814575,-3.03125,6.3125,-1.546875
1695638278546,-0.66015625,0.24407959,-0.68341064,3.46875,-2.1875,-1.046875
1695638278586,-0.78149414,0.20477295,-0.7554321,0.921875,-3.203125,1.5625
1695638278626,-0.751709,0.18865967,-0.63360596,5.890625,-1.078125,-0.453125
1695638278666,-0.78393555,0.17254639,-0.6355591,3.125,-5.8125,3.140625
1695638278706,-0.75439453,0.2098999,-0.642395,-9.90625,-10.828125,1.546875
1695638278746,-0.8249512,0.0692749,-0.6314087,-1.921875,-6.546875,-0.4375
1695638278786,-0.7336426,0.16448975,-0.645813,-6.703125,-1.921875,-2.34375
1695638278826,-0.72387695,0.19207764,-0.6199341,-15.140625,-2.234375,-2.5
1695638278866,-0.7092285,0.1630249,-0.7407837,-3.78125,2.234375,-2.359375
1695638278906,-0.6772461,0.20794678,-0.79473877,-0.125,-0.921875,0.65625
1695638278946,-0.732666,0.15179443,-0.8286743,1.140625,-5.46875,-0.734375
1695638278986,-0.57470703,0.23162842,-0.85357666,14.546875,-7.078125,4.875
1695638279026,-0.7993164,0.2772827,-0.6951294,13.796875,-12.6875,1.8125
1695638279066,-0.5812988,0.11859131,-0.8167114,-7.5,-3.171875,-4.90625
1695638279106,-0.73535156,0.12005615,-0.5527954,-6.390625,-6.265625,-0.59375
1695638279146,-0.7717285,0.2387085,-0.6675415,-2.3125,-4.953125,-2.296875
1695638279186,-0.7746582,0.18719482,-0.73638916,2.421875,2.171875,1.109375
1695638279226,-0.69262695,0.11273193,-0.73883057,-3.515625,9.59375,2.78125
1695638279266,-0.69189453,0.1293335,-0.64190674,8.9375,2.890625,-4.0625
1695638279306,-0.54711914,0.3085327,-0.88726807,-10.015625,-4.609375,3.796875
1695638279346,-0.7426758,0.09564209,-0.73687744,-0.203125,4.140625,-1.390625
1695638279386,-0.6960449,0.21160889,-0.69195557,0.609375,3.0,-1.4375
1695638279426,-0.6767578,0.15716553,-0.704895,1.484375,4.078125,1.15625
1695638279466,-0.7902832,0.18890381,-0.72784424,3.546875,9.046875,0.109375
1695638279506,-0.73046875,0.15057373,-0.642395,8.765625,13.15625,-0.78125
1695638279546,-0.66430664,0.21453857,-0.65045166,-1.734375,8.0,-1.328125
1695638279586,-0.703125,0.18426514,-0.68756104,-6.671875,-2.4375,0.25
1695638279626,-0.7878418,0.19354248,-0.63360596,-12.671875,1.859375,-1.234375
1695638279666,-0.704834,0.18719482,-0.7246704,-18.0,5.3125,-1.03125
1695638279706,-0.70874023,0.17572021,-0.7595825,-10.484375,1.46875,-0.890625
1695638279746,-0.70654297,0.15618896,-0.73883057,-4.65625,-0.53125,0.21875
1695638279786,-0.7573242,0.16522217,-0.7398071,-3.375,-1.15625,-0.96875
1695638279826,-0.7097168,0.14202881,-0.7161255,0.71875,1.390625,-0.40625
1695638279866,-0.70043945,0.16204834,-0.68829346,1.421875,-1.671875,1.0
1695638279906,-0.72680664,0.14666748,-0.74420166,3.171875,-3.328125,-0.140625
1695638279946,-0.71313477,0.1593628,-0.69244385,2.390625,0.46875,0.015625
1695638279986,-0.74194336,0.14593506,-0.6975708,2.59375,-0.03125,0.671875
1695638280026,-0.70581055,0.18719482,-0.710022,0.203125,-1.0625,0.40625
1695638280066,-0.73339844,0.16693115,-0.70928955,-0.390625,-0.578125,0.703125
1695638280106,-0.70288086,0.17156982,-0.71173096,-0.78125,0.671875,0.078125
1695638280146,-0.7253418,0.16107178,-0.7127075,-1.703125,0.890625,0.421875
1695638280186,-0.7150879,0.16351318,-0.72369385,-0.265625,1.9375,0.171875
1695638280226,-0.7109375,0.16741943,-0.72003174,-0.3125,0.625,0.015625
1695638280266,-0.71435547,0.16619873,-0.7041626,-0.703125,0.78125,0.09375
1695638280306,-0.72631836,0.16815186,-0.7090454,-0.71875,1.203125,0.390625
1695638280346,-0.7097168,0.1762085,-0.7263794,-1.078125,0.40625,0.25
1695638280386,-0.72265625,0.1564331,-0.7112427,0.40625,0.703125,0.484375
1695638280426,-0.7194824,0.17181396,-0.7085571,-0.828125,0.65625,0.1875
1695638280466,-0.7126465,0.16937256,-0.7095337,-0.96875,1.375,0.0625
1695638280506,-0.6921387,0.15692139,-0.7312622,1.53125,-5.265625,0.875
1695638280546,-0.70751953,0.1749878,-0.7744751,3.40625,-5.5,2.0625
1695638280586,-0.69506836,0.15594482,-0.70562744,1.28125,-1.859375,2.1875
1695638280626,-0.73828125,0.15887451,-0.71051025,2.921875,-4.53125,1.640625
1695638280666,-0.70825195,0.17181396,-0.70635986,0.125,-1.046875,0.296875
1695638280706,-0.70288086,0.1774292,-0.70928955,-0.953125,-0.78125,-0.234375
1695638280746,-0.7038574,0.1720581,-0.7354126,-0.875,2.625,-0.796875
1695638280786,-0.6582031,0.17645264,-0.7359009,-2.015625,1.796875,-0.1875
1695638280826,-0.63500977,0.19866943,-0.80181885,0.921875,-2.421875,2.546875
1695638280866,-0.7680664,0.13641357,-0.67437744,0.828125,-3.859375,0.25
1695638280906,-0.6843262,0.1798706,-0.7305298,-0.921875,-2.3125,-0.796875
1695638280946,-0.6796875,0.17816162,-0.7415161,-0.296875,0.390625,0.71875
1695638280986,-0.7155762,0.17523193,-0.72369385,0.671875,2.3125,-0.15625
1695638281026,-0.6748047,0.1786499,-0.7334595,0.53125,4.9375,0.359375
1695638281066,-0.6542969,0.18597412,-0.7288208,1.234375,-0.640625,0.203125
1695638281106,-0.6940918,0.18621826,-0.7398071,-2.359375,-3.78125,0.875
1695638281146,-0.7036133,0.15252686,-0.73394775,-0.90625,0.015625,0.90625
1695638281186,-0.7104492,0.16229248,-0.72198486,-0.484375,0.0625,-0.078125
1695638281226,-0.6777344,0.1749878,-0.72320557,0.6875,2.015625,-0.3125
1695638281266,-0.68066406,0.17010498,-0.73687744,1.125,5.203125,0.34375
1695638281306,-0.6875,0.17523193,-0.7564087,2.34375,1.03125,-0.25
1695638281346,-0.67407227,0.20794678,-0.73809814,-0.5,-0.5625,1.078125
1695638281386,-0.7319336,0.14593506,-0.7127075,0.78125,-4.625,-0.1875
1695638281426,-0.67993164,0.20233154,-0.7383423,0.390625,-1.125,0.03125
1695638281466,-0.6894531,0.16766357,-0.7185669,0.25,1.125,0.3125
1695638281506,-0.6843262,0.18475342,-0.73028564,-1.84375,2.6875,-0.40625
1695638281546,-0.66381836,0.16888428,-0.7715454,2.0625,2.421875,1.203125
1695638281586,-0.6923828,0.19769287,-0.71759033,2.703125,2.109375,1.421875
1695638281626,-0.66918945,0.18817139,-0.72784424,-1.421875,-4.1875,0.09375
1695638281666,-0.6906738,0.18450928,-0.739563,0.921875,-3.359375,2.28125
1695638281706,-0.73168945,0.18084717,-0.7241821,1.453125,-3.015625,0.84375
1695638281746,-0.6635742,0.17596436,-0.7398071,-1.1875,1.78125,-0.03125
1695638281786,-0.68725586,0.17962646,-0.75250244,1.984375,5.21875,-0.5625
1695638281826,-0.68603516,0.16693115,-0.7305298,3.125,8.796875,-0.75
1695638281866,-0.6862793,0.20941162,-0.7173462,2.203125,9.0,-0.109375
1695638281906,-0.6833496,0.199646,-0.7139282,-3.578125,2.890625,-0.953125
1695638281946,-0.6789551,0.21185303,-0.7805786,2.171875,-2.015625,1.15625
1695638281986,-0.67285156,0.20916748,-0.7192993,-0.765625,-2.6875,1.390625
1695638282026,-0.70043945,0.18231201,-0.7024536,1.734375,-5.609375,2.09375
1695638282066,-0.6743164,0.18597412,-0.77008057,-4.5625,0.828125,1.453125
1695638282106,-0.7421875,0.15594482,-0.7144165,-0.078125,2.03125,0.6875
1695638282146,-0.6755371,0.19134521,-0.690979,3.140625,-2.203125,-0.78125
1695638282186,-0.7080078,0.19329834,-0.7576294,-0.859375,3.734375,0.359375
1695638282226,-0.717041,0.19598389,-0.7300415,-2.03125,4.796875,-0.828125
1695638282266,-0.6464844,0.18841553,-0.6724243,-1.09375,5.234375,-0.703125
1695638282306,-0.6533203,0.20257568,-0.77789307,4.78125,3.796875,2.953125
1695638282346,-0.7011719,0.22015381,-0.7024536,-4.90625,-2.515625,1.578125
1695638282386,-0.72558594,0.15618896,-0.737854,-3.03125,-2.828125,0.3125
1695638282426,-0.7224121,0.1828003,-0.70562744,-0.34375,-1.203125,-1.5625
1695638282466,-0.69018555,0.20404053,-0.7124634,-2.796875,-0.484375,-1.203125
1695638282506,-0.685791,0.17254639,-0.74957275,-0.515625,2.25,-0.59375
1695638282546,-0.703125,0.18695068,-0.72052,5.359375,6.1875,0.5
1695638282586,-0.66308594,0.21453857,-0.71051025,2.25,1.359375,1.4375
1695638282626,-0.67944336,0.19891357,-0.7334595,-3.046875,-0.0625,1.1875
1695638282666,-0.71728516,0.2074585,-0.71417236,-3.171875,-5.90625,0.953125
1695638282706,-0.70874023,0.15350342,-0.7346802,-5.1875,0.25,-1.203125
1695638282746,-0.7219238,0.1930542,-0.72076416,-3.234375,-0.6875,-1.171875
1695638282786,-0.6911621,0.1798706,-0.7398071,-1.15625,3.84375,-0.625
1695638282826,-0.69628906,0.1749878,-0.72491455,-0.78125,3.734375,-2.25
1695638282866,-0.6713867,0.19329834,-0.73809814,3.265625,4.359375,0.875
1695638282906,-0.68725586,0.19891357,-0.7185669,-0.78125,-0.296875,0.875
1695638282946,-0.70874023,0.18988037,-0.72003174,-3.671875,-0.59375,0.640625
1695638282986,-0.673584,0.21258545,-0.7341919,-1.140625,-5.484375,2.015625
1695638283026,-0.7128906,0.1515503,-0.7139282,-5.296875,0.578125,-0.171875
1695638283066,-0.72509766,0.17303467,-0.7346802,-2.265625,0.921875,-1.1875
1695638283106,-0.6533203,0.16009521,-0.7341919,0.40625,3.21875,-0.328125
1695638283146,-0.6838379,0.17523193,-0.7439575,2.546875,4.71875,0.765625
1695638283186,-0.6945801,0.1852417,-0.70318604,1.765625,2.40625,0.796875
1695638283226,-0.7011719,0.19158936,-0.7319946,-0.765625,1.5,0.546875
1695638283266,-0.6726074,0.19354248,-0.75567627,2.59375,0.265625,2.78125
1695638283306,-0.68847656,0.17449951,-0.704895,0.625,1.46875,1.71875
1695638283346,-0.70947266,0.17938232,-0.7695923,0.328125,0.875,1.6875
1695638283386,-0.7141113,0.18133545,-0.70147705,6.46875,5.796875,3.203125
1695638283426,-0.7062988,0.18011475,-0.7307739,5.8125,4.28125,1.6875
1695638283466,-0.73461914,0.18841553,-0.69610596,3.8125,3.046875,1.421875
1695638283506,-0.68847656,0.22625732,-0.7293091,-0.40625,1.78125,0.78125
1695638283546,-0.6972656,0.19158936,-0.7046509,0.65625,1.375,0.78125
1695638283586,-0.7138672,0.18939209,-0.7119751,0.109375,1.859375,0.1875
1695638283626,-0.703125,0.19598389,-0.6970825,-0.578125,2.21875,0.953125
1695638283666,-0.7373047,0.1918335,-0.7046509,-1.65625,-0.03125,-0.484375
1695638283706,-0.70410156,0.19647217,-0.69244385,-1.21875,0.890625,-0.53125
1695638283746,-0.71777344,0.19525146,-0.70147705,-0.890625,1.171875,0.0625
1695638283786,-0.7167969,0.20550537,-0.7095337,-0.75,0.546875,0.71875
1695638283826,-0.7006836,0.17572021,-0.6995239,-2.3125,-0.078125,-0.375
1695638283866,-0.7192383,0.19207764,-0.70025635,0.015625,2.53125,0.109375
1695638283906,-0.703125,0.19891357,-0.7173462,0.875,-1.265625,-0.734375
1695638283946,-0.7182617,0.20281982,-0.708313,0.34375,0.640625,-0.59375
1695638283986,-0.72509766,0.1942749,-0.6939087,1.53125,3.421875,-0.515625
1695638284026,-0.66015625,0.23822021,-0.725647,0.03125,-2.84375,0.671875
1695638284066,-0.6899414,0.2111206,-0.73101807,-1.65625,0.15625,1.390625
1695638284106,-0.7175293,0.17401123,-0.72491455,-2.46875,-1.3125,0.671875
1695638284146,-0.7463379,0.18792725,-0.708313,-2.421875,1.21875,-0.734375
1695638284186,-0.7145996,0.18817139,-0.6860962,-0.9375,0.796875,-0.453125
1695638284226,-0.7001953,0.20135498,-0.71954346,1.609375,4.203125,1.0
1695638284266,-0.7092285,0.20672607,-0.6831665,0.640625,0.1875,0.5625
1695638284306,-0.68408203,0.2074585,-0.7485962,-3.75,-1.3125,0.53125
1695638284346,-0.7272949,0.19036865,-0.70147705,-1.546875,-2.5,-0.203125
1695638284386,-0.71069336,0.1864624,-0.70440674,-2.75,-0.171875,0.078125
1695638284426,-0.71435547,0.19793701,-0.72540283,0.40625,1.953125,0.71875
1695638284466,-0.6945801,0.1852417,-0.704895,3.0625,3.96875,0.4375
1695638284506,-0.6784668,0.21942139,-0.71759033,-1.75,-0.890625,0.78125
1695638284546,-0.70458984,0.16278076,-0.72784424,-3.796875,0.703125,0.234375
1695638284586,-0.7421875,0.21331787,-0.70098877,-4.828125,-2.953125,-0.640625
1695638284626,-0.6809082,0.1515503,-0.708313,-2.203125,-1.359375,-0.671875
1695638284666,-0.7006836,0.19110107,-0.7053833,-0.453125,3.171875,1.109375
1695638284706,-0.7167969,0.18231201,-0.7271118,-3.203125,1.421875,-0.46875
1695638284746,-0.6887207,0.18182373,-0.72613525,-2.265625,-0.09375,-0.796875
1695638284786,-0.67944336,0.19720459,-0.71759033,-1.8125,-3.1875,-0.40625
1695638284826,-0.7150879,0.18035889,-0.7283325,-0.765625,-1.796875,1.046875
1695638284866,-0.7248535,0.18670654,-0.70977783,2.125,0.671875,1.34375
1695638284906,-0.65649414,0.18011475,-0.7671509,-1.46875,0.8125,0.78125
1695638284946,-0.6765137,0.18011475,-0.74420166,1.515625,1.375,0.265625
1695638284986,-0.6850586,0.17156982,-0.7041626,-3.4375,-0.796875,0.796875
1695638285026,-0.7373047,0.16497803,-0.73760986,-2.890625,1.296875,-0.25
1695638285066,-0.6911621,0.17767334,-0.7061157,0.59375,2.25,0.34375
1695638285106,-0.6965332,0.18988037,-0.708313,1.953125,2.015625,1.390625
1695638285146,-0.70043945,0.17352295,-0.69659424,0.84375,-1.6875,0.96875
1695638285186,-0.6779785,0.18426514,-0.77349854,-1.09375,1.515625,0.375
1695638285226,-0.7001953,0.17767334,-0.723938,-1.140625,2.453125,0.390625
1695638285266,-0.7077637,0.14910889,-0.6956177,-1.5625,0.71875,-1.359375
1695638285306,-0.70288086,0.20257568,-0.7542114,0.921875,0.484375,1.328125
1695638285346,-0.6838379,0.17181396,-0.70098877,0.796875,2.03125,0.28125
1695638285386,-0.7080078,0.18304443,-0.741272,-0.453125,1.8125,0.1875
1695638285426,-0.6669922,0.19110107,-0.74957275,0.09375,0.890625,0.4375
1695638285466,-0.7062988,0.17913818,-0.73443604,-2.96875,3.1875,0.484375
1695638285506,-0.7229004,0.18206787,-0.6856079,-1.265625,0.953125,0.046875
1695638285546,-0.6940918,0.17572021,-0.7293091,-2.046875,1.078125,0.8125
1695638285586,-0.7097168,0.18450928,-0.73101807,-2.96875,1.015625,0.3125
1695638285626,-0.71069336,0.14764404,-0.6980591,-1.875,1.78125,0.28125
1695638285666,-0.7194824,0.14520264,-0.7276001,0.390625,2.90625,-0.578125
1695638285706,-0.76586914,0.15301514,-0.64849854,5.859375,6.59375,-1.953125
1695638285746,-0.6323242,0.18353271,-0.7070923,1.0625,6.15625,-1.734375
1695638285786,-0.6845703,0.18475342,-0.7932739,10.625,-10.34375,0.84375
1695638285826,-0.77197266,0.20892334,-0.6897583,6.40625,-0.15625,0.09375
1695638285866,-0.6748047,0.22357178,-0.7678833,6.375,-5.296875,0.640625
1695638285906,-0.5402832,0.3361206,-0.8411255,5.046875,0.3125,6.3125
1695638285946,-0.6672363,0.2243042,-0.8057251,11.6875,2.359375,1.328125
1695638285986,-0.7373047,0.199646,-0.66290283,-7.71875,-0.296875,-0.671875
1695638286026,-0.7492676,0.15618896,-0.6487427,-0.875,3.84375,1.109375
1695638286066,-0.7519531,0.20037842,-0.6392212,-5.984375,1.140625,0.953125
1695638286106,-0.7019043,0.13983154,-0.7136841,0.4375,12.578125,0.703125
1695638286146,-0.72314453,0.18939209,-0.7085571,9.96875,2.28125,-1.59375
1695638286186,-0.6179199,0.26409912,-0.70635986,-3.53125,5.34375,3.71875
1695638286226,-0.71728516,0.1762085,-0.7334595,-9.4375,-6.34375,-5.125
1695638286266,-0.75756836,0.1864624,-0.7163696,4.15625,3.796875,-0.53125
1695638286306,-0.6245117,0.26800537,-0.68096924,-4.078125,-2.203125,-2.046875
1695638286346,-0.63549805,0.2994995,-0.81378174,-2.234375,-9.625,2.015625
1695638286386,-0.7661133,0.18963623,-0.73687744,-2.671875,7.453125,3.359375
1695638286426,-0.75390625,0.14276123,-0.6790161,-4.671875,1.640625,-3.9375
1695638286466,-0.7182617,0.19818115,-0.6404419,-5.3125,1.296875,-0.453125
1695638286506,-0.6616211,0.19891357,-0.6585083,5.71875,3.84375,2.015625
1695638286546,-0.72387695,0.18988037,-0.75128174,-1.5625,-1.59375,-0.09375
1695638286586,-0.76000977,0.1876831,-0.69781494,-4.953125,-0.140625,-2.09375
1695638286626,-0.7426758,0.14520264,-0.67926025,-4.703125,7.53125,-4.40625
1695638286666,-0.58154297,0.21673584,-0.690979,2.515625,9.90625,0.546875
1695638286706,-0.7487793,0.2682495,-0.71417236,-8.125,3.15625,0.546875
1695638286746,-0.7211914,0.15667725,-0.76519775,1.015625,-11.859375,-1.90625
1695638286786,-0.6699219,0.24359131,-0.7163696,7.015625,0.734375,2.421875
1695638286826,-0.69433594,0.2008667,-0.7168579,3.5,-3.953125,2.328125
1695638286866,-0.6501465,0.26507568,-0.7649536,2.703125,-3.125,0.875
1695638286906,-0.65893555,0.17059326,-0.7319946,-7.515625,-1.53125,0.828125
1695638286946,-0.80810547,0.14715576,-0.65338135,-2.796875,-0.453125,-0.890625
1695638286986,-0.67871094,0.2074585,-0.710022,-1.546875,0.671875,-0.25
1695638287026,-0.7409668,0.20721436,-0.7227173,-2.828125,4.984375,0.8125
1695638287066,-0.7023926,0.18719482,-0.68927,1.96875,-0.625,0.6875
1695638287106,-0.6472168,0.23529053,-0.80718994,-2.421875,-0.4375,1.46875
1695638287146,-0.73583984,0.17303467,-0.7022095,-1.703125,0.421875,-0.125
1695638287186,-0.6906738,0.21160889,-0.7354126,-0.015625,3.296875,1.0
1695638287226,-0.6599121,0.1954956,-0.72735596,0.0,0.921875,0.234375
1695638287266,-0.7319336,0.18206787,-0.70513916,-0.09375,-0.0625,-0.34375
1695638287306,-0.7128906,0.20233154,-0.722229,1.8125,0.84375,-1.203125
1695638287346,-0.7548828,0.18597412,-0.66485596,-0.484375,6.15625,-1.671875
1695638287386,-0.7648926,0.19671631,-0.6201782,-14.34375,18.90625,-2.515625
1695638287426,-0.61157227,0.19207764,-0.71343994,-10.421875,20.296875,1.0625
1695638287466,-0.78564453,0.19158936,-0.7000122,-0.703125,3.15625,0.625
1695638287506,-0.75756836,0.19671631,-0.7090454,-3.796875,5.0,-0.65625
1695638287546,-0.5969238,0.18109131,-0.69488525,5.546875,-14.328125,2.578125
1695638287586,-0.7993164,0.2189331,-0.7073364,7.8125,-10.96875,4.65625
