# Sensor type: Thingy
# Activity type: Standing
# Activity subtype: Normal
# Subject id: s1952162
# Notes: 
timestamp,accel_x,accel_y,accel_z,gyro_x,gyro_y,gyro_z,mag_x,mag_y,mag_z
1695634645518,-1.0009766,-0.034179688,-0.099609375,-0.46875,0.125,0.09375,0.0,0.0,0.0
1695634645548,-0.9980469,-0.052734375,-0.10449219,-0.34375,0.125,0.21875,0.0,0.0,0.0
1695634645577,-1.0009766,-0.040039062,-0.115234375,0.0,0.125,0.21875,0.0,0.0,0.0
1695634645639,-0.9980469,-0.038085938,-0.09277344,-0.3125,0.3125,0.15625,-72.875,15.625,-180.9375
1695634645668,-0.9951172,-0.037109375,-0.1015625,-0.53125,0.0,0.03125,0.0,0.0,0.0
1695634645698,-0.99902344,-0.045898438,-0.091796875,-0.0625,0.0625,0.40625,0.0,0.0,0.0
1695634645759,-1.0009766,-0.048828125,-0.103515625,-0.0625,0.125,0.21875,0.0,0.0,0.0
1695634645788,-0.99609375,-0.040039062,-0.10449219,0.0,0.0,0.46875,0.0,0.0,0.0
1695634645818,-1.0048828,-0.043945312,-0.10644531,0.0,0.4375,0.21875,0.0,0.0,0.0
1695634645878,-1.0097656,-0.03125,-0.10058594,0.0625,-0.40625,0.28125,0.0,0.0,0.0
1695634645909,-0.99902344,-0.037109375,-0.08886719,-0.96875,0.0,0.21875,0.0,0.0,0.0
1695634645938,-1.0058594,-0.046875,-0.111328125,-0.0625,0.0625,0.28125,0.0,0.0,0.0
1695634646028,-1.0068359,-0.040039062,-0.10449219,-0.34375,0.0,0.21875,0.0,0.0,0.0
1695634646029,-1.0,-0.043945312,-0.083984375,-0.65625,-0.21875,0.0,0.0,0.0,0.0
1695634646060,-0.9951172,-0.046875,-0.10058594,0.125,0.0625,0.0,0.0,0.0,0.0
1695634646119,-1.0,-0.0390625,-0.1015625,-0.34375,0.25,-0.125,-71.875,16.6875,-179.875
1695634646148,-1.0048828,-0.040039062,-0.095703125,0.4375,0.0625,0.21875,0.0,0.0,0.0
1695634646178,-0.9970703,-0.03125,-0.10253906,-0.78125,-0.15625,0.46875,0.0,0.0,0.0
1695634646239,-1.0009766,-0.051757812,-0.087890625,-0.34375,0.1875,0.15625,0.0,0.0,0.0
1695634646269,-0.99609375,-0.028320312,-0.0859375,0.0625,-0.21875,0.0,0.0,0.0,0.0
1695634646298,-0.9970703,-0.053710938,-0.09082031,-0.1875,0.0,0.15625,0.0,0.0,0.0
1695634646359,-1.0,-0.0390625,-0.10449219,0.3125,0.0625,-0.1875,0.0,0.0,0.0
1695634646390,-0.9980469,-0.0390625,-0.099609375,-0.0625,-0.0625,0.0,0.0,0.0,0.0
1695634646418,-1.0029297,-0.030273438,-0.09667969,-0.0625,0.1875,0.0,0.0,0.0,0.0
1695634646479,-0.99609375,-0.04296875,-0.08300781,-0.1875,-0.21875,0.09375,0.0,0.0,0.0
1695634646510,-0.99609375,-0.051757812,-0.099609375,-0.25,-0.15625,0.0,0.0,0.0,0.0
1695634646539,-0.9970703,-0.033203125,-0.10253906,0.0,0.125,-0.125,0.0,0.0,0.0
1695634646598,-1.0068359,-0.043945312,-0.08984375,0.6875,-0.09375,-0.125,0.0,0.0,0.0
1695634646627,-0.9951172,-0.0390625,-0.10644531,-0.34375,-0.28125,-0.1875,-72.0,17.3125,-180.8125
1695634646660,-0.9941406,-0.040039062,-0.10546875,0.0625,0.1875,0.03125,0.0,0.0,0.0
1695634646689,-1.0009766,-0.032226562,-0.10644531,-0.0625,-0.21875,-0.125,0.0,0.0,0.0
1695634646748,-0.9941406,-0.049804688,-0.09667969,-1.15625,-0.40625,0.03125,0.0,0.0,0.0
1695634646778,-0.99902344,-0.046875,-0.10449219,-0.0625,-0.15625,0.09375,0.0,0.0,0.0
1695634646810,-1.0,-0.043945312,-0.1015625,-1.28125,-0.34375,-0.125,0.0,0.0,0.0
1695634646869,-0.9970703,-0.056640625,-0.10253906,-0.3125,-0.78125,0.03125,0.0,0.0,0.0
1695634646898,-1.0039062,-0.041992188,-0.09472656,-0.71875,-0.40625,-0.3125,0.0,0.0,0.0
1695634646929,-0.9951172,-0.041015625,-0.09667969,-0.46875,-0.65625,-0.0625,0.0,0.0,0.0
1695634646989,-1.0,-0.0390625,-0.0859375,-0.65625,-0.40625,-0.25,0.0,0.0,0.0
1695634647018,-0.9970703,-0.04296875,-0.09277344,-0.65625,-0.40625,-0.1875,0.0,0.0,0.0
1695634647048,-0.99609375,-0.051757812,-0.095703125,-0.40625,-0.65625,-0.1875,0.0,0.0,0.0
1695634647108,-1.0087891,-0.051757812,-0.080078125,-1.09375,-0.21875,0.03125,-72.3125,17.5625,-180.5
1695634647138,-0.9902344,-0.040039062,-0.09375,-0.0625,-0.0625,0.09375,0.0,0.0,0.0
1695634647169,-1.0058594,-0.04296875,-0.10449219,-0.34375,0.0,0.03125,0.0,0.0,0.0
1695634647228,-1.0,-0.047851562,-0.10058594,-0.125,-0.21875,0.09375,0.0,0.0,0.0
1695634647260,-0.99902344,-0.043945312,-0.10546875,0.0625,0.25,0.0,0.0,0.0,0.0
1695634647288,-1.0,-0.041992188,-0.087890625,0.0625,-0.09375,0.21875,0.0,0.0,0.0
1695634647348,-1.0,-0.048828125,-0.10546875,-0.40625,0.125,0.46875,0.0,0.0,0.0
1695634647378,-0.99316406,-0.041015625,-0.087890625,0.8125,0.1875,0.21875,0.0,0.0,0.0
1695634647409,-1.0009766,-0.030273438,-0.107421875,-0.34375,-0.34375,0.21875,0.0,0.0,0.0
1695634647469,-1.0068359,-0.043945312,-0.10253906,-0.40625,-0.34375,0.59375,0.0,0.0,0.0
1695634647498,-1.0009766,-0.049804688,-0.08203125,-0.46875,0.5,0.0,0.0,0.0,0.0
1695634647560,-0.9980469,-0.05078125,-0.091796875,-0.53125,-0.53125,0.0,0.0,0.0,0.0
1695634647589,-1.0009766,-0.044921875,-0.08300781,-0.78125,0.0625,0.34375,0.0,0.0,0.0
1695634647647,-0.9970703,-0.041015625,-0.09082031,-0.0625,0.0,0.0,-73.625,15.0625,-181.6875
1695634647649,-0.9863281,-0.048828125,-0.09277344,-0.84375,0.0625,0.09375,0.0,0.0,0.0
1695634647710,-0.99609375,-0.036132812,-0.08300781,-0.0625,0.125,0.21875,0.0,0.0,0.0
1695634647740,-1.0048828,-0.049804688,-0.083984375,-0.71875,0.1875,0.53125,0.0,0.0,0.0
1695634647768,-1.0039062,-0.051757812,-0.09082031,0.0,0.0,0.34375,0.0,0.0,0.0
1695634647828,-0.9951172,-0.051757812,-0.08984375,0.125,0.4375,0.21875,0.0,0.0,0.0
1695634647860,-1.0068359,-0.05078125,-0.091796875,0.0625,0.125,0.21875,0.0,0.0,0.0
1695634647888,-0.9941406,-0.044921875,-0.09667969,0.25,-0.0625,0.21875,0.0,0.0,0.0
1695634647948,-0.9970703,-0.045898438,-0.10449219,-0.34375,0.5625,0.09375,0.0,0.0,0.0
1695634647978,-1.0019531,-0.034179688,-0.09082031,0.625,0.1875,0.40625,0.0,0.0,0.0
1695634648010,-1.0029297,-0.037109375,-0.11035156,-0.25,-0.28125,0.28125,0.0,0.0,0.0
1695634648068,-1.0,-0.055664062,-0.09375,-0.46875,0.25,0.03125,0.0,0.0,0.0
1695634648098,-0.9951172,-0.037109375,-0.09863281,0.25,0.125,0.28125,-73.1875,16.0625,-180.625
1695634648128,-1.0,-0.05078125,-0.09375,-0.25,0.0,0.21875,0.0,0.0,0.0
1695634648189,-1.0009766,-0.045898438,-0.10058594,-0.25,-0.09375,0.21875,0.0,0.0,0.0
1695634648218,-1.0117188,-0.041992188,-0.09863281,0.25,0.0,0.15625,0.0,0.0,0.0
1695634648249,-1.0058594,-0.044921875,-0.076171875,-0.40625,-0.09375,-0.0625,0.0,0.0,0.0
1695634648310,-1.0019531,-0.052734375,-0.095703125,-0.1875,0.0,0.28125,0.0,0.0,0.0
1695634648339,-0.9921875,-0.04296875,-0.09472656,-0.0625,0.0625,0.34375,0.0,0.0,0.0
1695634648368,-0.99609375,-0.05078125,-0.09863281,-0.125,0.125,0.15625,0.0,0.0,0.0
1695634648429,-1.0029297,-0.047851562,-0.09863281,0.3125,0.375,0.03125,0.0,0.0,0.0
1695634648459,-0.9970703,-0.044921875,-0.09277344,0.0625,0.0625,0.34375,0.0,0.0,0.0
1695634648488,-1.0,-0.040039062,-0.10253906,0.0625,0.25,0.03125,0.0,0.0,0.0
1695634648547,-1.0058594,-0.034179688,-0.09375,0.0625,0.0,0.15625,0.0,0.0,0.0
1695634648578,-1.0068359,-0.036132812,-0.095703125,-0.59375,0.3125,0.34375,0.0,0.0,0.0
1695634648608,-1.0029297,-0.047851562,-0.08886719,0.125,0.125,0.34375,-72.125,16.375,-180.625
1695634648668,-0.99902344,-0.05078125,-0.1015625,-0.25,-0.28125,0.21875,0.0,0.0,0.0
1695634648698,-0.9921875,-0.045898438,-0.09375,-0.3125,0.0625,0.03125,0.0,0.0,0.0
1695634648728,-0.9951172,-0.0390625,-0.099609375,0.25,0.0,0.15625,0.0,0.0,0.0
1695634648788,-0.99902344,-0.043945312,-0.09472656,-0.78125,0.0625,0.34375,0.0,0.0,0.0
1695634648819,-1.0039062,-0.038085938,-0.111328125,0.375,0.0625,0.09375,0.0,0.0,0.0
1695634648847,-0.9921875,-0.041992188,-0.09472656,-0.84375,0.0,0.21875,0.0,0.0,0.0
1695634648909,-0.9980469,-0.043945312,-0.087890625,0.3125,0.4375,0.46875,0.0,0.0,0.0
1695634648939,-1.0058594,-0.044921875,-0.095703125,0.3125,0.125,0.34375,0.0,0.0,0.0
1695634648968,-1.0019531,-0.048828125,-0.103515625,-0.65625,0.25,0.09375,0.0,0.0,0.0
1695634649028,-1.0126953,-0.040039062,-0.087890625,0.4375,0.3125,0.03125,0.0,0.0,0.0
1695634649061,-0.9951172,-0.037109375,-0.10058594,-0.125,0.0,0.40625,0.0,0.0,0.0
1695634649089,-0.9941406,-0.04296875,-0.087890625,-0.0625,0.125,0.21875,-73.1875,15.625,-179.625
1695634649149,-1.0009766,-0.041992188,-0.091796875,0.4375,0.5,0.21875,0.0,0.0,0.0
1695634649178,-1.0,-0.036132812,-0.10253906,-0.25,-0.28125,0.28125,0.0,0.0,0.0
1695634649210,-1.0048828,-0.045898438,-0.095703125,0.125,0.125,0.34375,0.0,0.0,0.0
1695634649268,-1.0048828,-0.040039062,-0.095703125,0.1875,0.25,0.09375,0.0,0.0,0.0
1695634649298,-1.0048828,-0.051757812,-0.09863281,-0.3125,-0.15625,0.28125,0.0,0.0,0.0
1695634649328,-1.0009766,-0.03515625,-0.0859375,0.4375,0.375,0.09375,0.0,0.0,0.0
1695634649389,-1.0,-0.043945312,-0.10449219,-0.0625,0.0,0.21875,0.0,0.0,0.0
1695634649418,-0.9951172,-0.041992188,-0.10058594,-0.25,0.0,0.09375,0.0,0.0,0.0
1695634649448,-1.0,-0.041015625,-0.1015625,0.0,0.3125,0.21875,0.0,0.0,0.0
1695634649511,-1.0029297,-0.045898438,-0.09082031,-0.1875,-0.0625,0.28125,0.0,0.0,0.0
1695634649539,-0.99609375,-0.04296875,-0.09765625,-0.65625,-0.09375,0.34375,0.0,0.0,0.0
1695634649568,-0.99609375,-0.053710938,-0.107421875,0.625,0.4375,0.15625,0.0,0.0,0.0
1695634649628,-1.0009766,-0.048828125,-0.09375,-0.0625,0.3125,0.03125,-74.125,16.5625,-180.8125
1695634649658,-0.99609375,-0.0390625,-0.08691406,0.4375,-0.09375,0.34375,0.0,0.0,0.0
1695634649689,-0.99902344,-0.0390625,-0.09667969,0.0,0.375,0.34375,0.0,0.0,0.0
1695634649748,-1.0097656,-0.041015625,-0.10546875,-0.0625,0.75,0.40625,0.0,0.0,0.0
1695634649778,-0.9980469,-0.04296875,-0.09667969,0.0,0.0625,0.28125,0.0,0.0,0.0
1695634649839,-1.0126953,-0.043945312,-0.1015625,-0.25,0.0,0.09375,0.0,0.0,0.0
1695634649868,-0.9970703,-0.044921875,-0.099609375,-0.3125,0.25,0.15625,0.0,0.0,0.0
1695634649898,-0.9970703,-0.03515625,-0.087890625,0.625,0.1875,0.09375,0.0,0.0,0.0
1695634649928,-1.0009766,-0.05078125,-0.10546875,-0.84375,0.3125,0.03125,0.0,0.0,0.0
1695634649989,-0.99609375,-0.049804688,-0.11621094,0.3125,0.0,0.03125,0.0,0.0,0.0
1695634650018,-0.9892578,-0.044921875,-0.10644531,0.1875,-0.09375,-0.3125,0.0,0.0,0.0
1695634650047,-0.99609375,-0.037109375,-0.099609375,-0.03125,-0.21875,-0.125,0.0,0.0,0.0
1695634650110,-1.0019531,-0.038085938,-0.095703125,0.1875,0.15625,0.0625,-73.5,16.25,-178.125
1695634650138,-0.99902344,-0.046875,-0.12011719,0.1875,0.15625,-0.1875,0.0,0.0,0.0
1695634650168,-1.0068359,-0.040039062,-0.107421875,-0.09375,-0.28125,-0.375,0.0,0.0,0.0
1695634650228,-1.0009766,-0.037109375,-0.10253906,-0.46875,-0.46875,-0.375,0.0,0.0,0.0
1695634650259,-0.9980469,-0.041015625,-0.10839844,-0.21875,-0.34375,0.1875,0.0,0.0,0.0
1695634650288,-1.0048828,-0.046875,-0.08691406,0.25,0.1875,0.0625,0.0,0.0,0.0
1695634650348,-1.0039062,-0.048828125,-0.09667969,0.6875,-0.15625,-0.125,0.0,0.0,0.0
1695634650378,-1.0,-0.044921875,-0.09863281,-0.09375,-0.53125,-0.125,0.0,0.0,0.0
1695634650411,-1.0,-0.038085938,-0.1015625,0.4375,0.25,-0.1875,0.0,0.0,0.0
1695634650468,-1.0039062,-0.038085938,-0.107421875,-0.15625,-0.28125,-0.3125,0.0,0.0,0.0
1695634650498,-1.0058594,-0.048828125,-0.11035156,-0.78125,-0.28125,-0.125,0.0,0.0,0.0
1695634650528,-0.9970703,-0.046875,-0.10839844,0.0625,-0.53125,0.0,0.0,0.0,0.0
1695634650589,-1.0,-0.041992188,-0.11328125,-0.59375,0.09375,-0.1875,0.0,0.0,0.0
1695634650618,-1.0078125,-0.048828125,-0.09667969,-0.03125,-0.28125,-0.125,-73.0625,15.8125,-180.8125
1695634650679,-0.99609375,-0.051757812,-0.09667969,-0.46875,-0.15625,0.0,0.0,0.0,0.0
1695634650709,-1.0009766,-0.048828125,-0.09765625,-0.15625,0.3125,-0.125,0.0,0.0,0.0
1695634650739,-1.0009766,-0.046875,-0.08984375,-0.09375,-0.15625,-0.125,0.0,0.0,0.0
1695634650768,-0.9921875,-0.040039062,-0.09863281,0.0625,-0.15625,-0.125,0.0,0.0,0.0
1695634650828,-1.0087891,-0.046875,-0.08984375,0.5,0.375,-0.125,0.0,0.0,0.0
1695634650859,-0.9980469,-0.0390625,-0.08984375,0.1875,0.03125,-0.0625,0.0,0.0,0.0
1695634650889,-1.0,-0.05078125,-0.1171875,0.875,-0.21875,0.1875,0.0,0.0,0.0
1695634650948,-1.0068359,-0.044921875,-0.09082031,0.4375,0.375,-0.125,0.0,0.0,0.0
1695634650979,-0.9980469,-0.036132812,-0.09082031,0.5625,-0.46875,-0.0625,0.0,0.0,0.0
1695634651008,-1.0009766,-0.047851562,-0.09082031,-0.46875,-0.15625,0.0,0.0,0.0,0.0
1695634651069,-0.99609375,-0.04296875,-0.09667969,-0.15625,0.09375,-0.125,0.0,0.0,0.0
1695634651098,-0.98828125,-0.047851562,-0.10058594,-0.28125,-0.65625,-0.125,-72.75,15.5,-180.5
1695634651129,-0.9970703,-0.045898438,-0.10253906,-0.78125,-0.09375,-0.3125,0.0,0.0,0.0
1695634651188,-0.99609375,-0.046875,-0.09472656,0.3125,-0.40625,-0.25,0.0,0.0,0.0
1695634651218,-0.9951172,-0.049804688,-0.10253906,-0.53125,-0.28125,-0.25,0.0,0.0,0.0
1695634651248,-0.9970703,-0.045898438,-0.095703125,0.3125,-0.21875,-0.0625,0.0,0.0,0.0
1695634651309,-1.0068359,-0.053710938,-0.09375,-0.46875,0.09375,0.1875,0.0,0.0,0.0
1695634651338,-1.0039062,-0.047851562,-0.1015625,0.125,-0.21875,-0.0625,0.0,0.0,0.0
1695634651368,-0.99609375,-0.045898438,-0.08496094,-0.40625,0.03125,-0.125,0.0,0.0,0.0
1695634651428,-0.99902344,-0.048828125,-0.10644531,-0.21875,-0.03125,-0.0625,0.0,0.0,0.0
1695634651459,-0.9941406,-0.0390625,-0.11328125,0.4375,0.03125,-0.0625,0.0,0.0,0.0
1695634651488,-1.0039062,-0.040039062,-0.09472656,0.5,0.09375,0.0625,0.0,0.0,0.0
1695634651548,-0.99609375,-0.041015625,-0.08496094,1.0,-0.09375,-0.3125,0.0,0.0,0.0
1695634651579,-1.0029297,-0.0390625,-0.10058594,-0.21875,-0.46875,0.0,0.0,0.0,0.0
1695634651610,-1.0009766,-0.041015625,-0.11621094,0.9375,-0.09375,-0.3125,-73.9375,16.0625,-179.625
1695634651669,-1.0117188,-0.037109375,-0.1015625,-0.53125,-0.46875,-0.4375,0.0,0.0,0.0
1695634651698,-0.9970703,-0.0390625,-0.10546875,-0.40625,-0.28125,0.0625,0.0,0.0,0.0
1695634651729,-1.0,-0.043945312,-0.11035156,-0.28125,-0.46875,-0.5,0.0,0.0,0.0
1695634651790,-0.9970703,-0.044921875,-0.103515625,-0.28125,-0.71875,-0.3125,0.0,0.0,0.0
1695634651818,-1.0126953,-0.041992188,-0.10449219,-0.59375,-0.40625,-0.4375,0.0,0.0,0.0
1695634651848,-0.99902344,-0.044921875,-0.08300781,0.125,-1.03125,-0.25,0.0,0.0,0.0
1695634651910,-0.99609375,-0.049804688,-0.11230469,-1.5625,-0.15625,-0.1875,0.0,0.0,0.0
1695634651938,-1.0019531,-0.05078125,-0.095703125,0.5,-0.71875,-0.625,0.0,0.0,0.0
1695634651968,-0.9892578,-0.041015625,-0.09667969,-1.15625,-0.84375,-0.375,0.0,0.0,0.0
1695634652030,-0.9980469,-0.055664062,-0.09082031,-0.15625,-0.46875,-0.5,0.0,0.0,0.0
1695634652059,-1.0097656,-0.046875,-0.111328125,0.375,-0.78125,-0.625,0.0,0.0,0.0
1695634652118,-0.9892578,-0.06347656,-0.10058594,0.1875,-1.625,-0.3125,-72.875,15.3125,-180.625
1695634652148,-0.9970703,-0.047851562,-0.091796875,-0.03125,-0.21875,-0.4375,0.0,0.0,0.0
1695634652179,-0.99902344,-0.055664062,-0.09375,0.9375,-0.34375,-0.1875,0.0,0.0,0.0
1695634652208,-1.0048828,-0.047851562,-0.09765625,-0.09375,-0.15625,-0.125,0.0,0.0,0.0
1695634652269,-0.9921875,-0.049804688,-0.107421875,-0.09375,-0.28125,-0.1875,0.0,0.0,0.0
1695634652298,-1.0117188,-0.048828125,-0.10058594,0.03125,0.1875,0.0,0.0,0.0,0.0
1695634652328,-1.0039062,-0.047851562,-0.095703125,-0.78125,-0.15625,0.0,0.0,0.0,0.0
1695634652388,-1.0029297,-0.044921875,-0.08691406,0.375,-0.21875,0.125,0.0,0.0,0.0
1695634652418,-0.99902344,-0.055664062,-0.09375,0.3125,-0.03125,0.25,0.0,0.0,0.0
1695634652448,-1.0009766,-0.045898438,-0.087890625,-0.15625,0.375,0.25,0.0,0.0,0.0
1695634652508,-1.0039062,-0.041992188,-0.10449219,0.125,0.15625,0.0,0.0,0.0,0.0
1695634652539,-1.0087891,-0.052734375,-0.080078125,0.03125,0.09375,-0.125,0.0,0.0,0.0
1695634652568,-1.0,-0.037109375,-0.09472656,-0.53125,0.09375,-0.25,0.0,0.0,0.0
1695634652628,-0.9941406,-0.051757812,-0.09472656,0.1875,0.09375,0.0,-72.3125,17.3125,-179.125
1695634652659,-1.0058594,-0.046875,-0.10644531,-0.15625,-0.21875,0.25,0.0,0.0,0.0
1695634652689,-1.0009766,-0.053710938,-0.0859375,0.8125,0.1875,-0.0625,0.0,0.0,0.0
1695634652748,-1.0009766,-0.043945312,-0.08300781,0.125,-0.03125,-0.5625,0.0,0.0,0.0
1695634652778,-1.0,-0.052734375,-0.083984375,-0.34375,-0.21875,-0.0625,0.0,0.0,0.0
1695634652809,-0.9941406,-0.037109375,-0.095703125,0.125,-0.09375,-0.1875,0.0,0.0,0.0
1695634652868,-0.9980469,-0.041992188,-0.09667969,-0.15625,-0.34375,-0.0625,0.0,0.0,0.0
1695634652898,-0.9970703,-0.0390625,-0.111328125,-0.53125,-0.34375,-0.1875,0.0,0.0,0.0
1695634652929,-1.0019531,-0.048828125,-0.09667969,-0.34375,-0.40625,-0.1875,0.0,0.0,0.0
1695634652989,-1.0126953,-0.047851562,-0.09667969,-0.15625,-0.40625,-0.1875,0.0,0.0,0.0
1695634653018,-1.0039062,-0.043945312,-0.109375,0.375,-0.21875,0.0625,0.0,0.0,0.0
1695634653048,-1.0048828,-0.041015625,-0.09667969,0.03125,-0.59375,-0.5,0.0,0.0,0.0
1695634653108,-1.0,-0.040039062,-0.09472656,-0.15625,-0.34375,-0.3125,-72.3125,16.5625,-180.5
1695634653140,-1.0068359,-0.040039062,-0.09375,0.03125,-0.15625,0.1875,0.0,0.0,0.0
1695634653168,-0.9921875,-0.038085938,-0.09863281,0.0625,-0.15625,-0.0625,0.0,0.0,0.0
1695634653228,-0.9951172,-0.052734375,-0.08300781,0.3125,-0.28125,-0.125,0.0,0.0,0.0
1695634653289,-0.99902344,-0.04296875,-0.087890625,0.125,-0.03125,-0.1875,0.0,0.0,0.0
1695634653291,-1.0029297,-0.051757812,-0.083984375,-0.34375,-0.34375,-0.3125,0.0,0.0,0.0
1695634653348,-0.99609375,-0.044921875,-0.107421875,0.875,0.09375,0.125,0.0,0.0,0.0
1695634653378,-1.0087891,-0.037109375,-0.08984375,-0.15625,0.09375,-0.1875,0.0,0.0,0.0
1695634653409,-0.99609375,-0.056640625,-0.087890625,0.25,-0.40625,0.0,0.0,0.0,0.0
1695634653469,-0.9951172,-0.047851562,-0.09375,-0.40625,0.3125,-0.125,0.0,0.0,0.0
1695634653498,-1.0,-0.049804688,-0.095703125,1.375,0.3125,0.0625,0.0,0.0,0.0
1695634653529,-1.0097656,-0.043945312,-0.083984375,-0.28125,-0.03125,0.0,0.0,0.0,0.0
1695634653678,-1.0029297,-0.056640625,-0.08984375,0.375,0.75,-0.0625,-73.625,15.3125,-180.9375
1695634653680,-1.0068359,-0.032226562,-0.08691406,0.5,0.1875,-0.25,0.0,0.0,0.0
1695634653682,-0.99609375,-0.038085938,-0.10644531,-0.09375,0.09375,-0.0625,0.0,0.0,0.0
1695634653683,-1.0068359,-0.045898438,-0.09667969,-0.34375,0.25,-0.25,0.0,0.0,0.0
1695634653738,-0.9970703,-0.037109375,-0.10546875,0.625,-0.15625,-0.0625,0.0,0.0,0.0
1695634653768,-0.9980469,-0.047851562,-0.107421875,-0.28125,0.03125,-0.0625,0.0,0.0,0.0
1695634653798,-0.9980469,-0.04296875,-0.09667969,0.3125,-0.21875,-0.0625,0.0,0.0,0.0
1695634653859,-1.0087891,-0.048828125,-0.10644531,-0.40625,-0.15625,0.125,0.0,0.0,0.0
1695634653919,-0.9951172,-0.052734375,-0.09765625,0.1875,-0.15625,-0.1875,0.0,0.0,0.0
1695634653920,-1.0,-0.041992188,-0.091796875,-0.15625,-0.65625,0.0,0.0,0.0,0.0
1695634653978,-1.0009766,-0.037109375,-0.10449219,-0.71875,0.15625,-0.125,0.0,0.0,0.0
1695634654009,-1.0087891,-0.045898438,-0.091796875,0.0625,-0.03125,-0.25,0.0,0.0,0.0
1695634654038,-0.9951172,-0.047851562,-0.103515625,-0.03125,-0.59375,-0.1875,0.0,0.0,0.0
1695634654098,-0.9951172,-0.046875,-0.09277344,-0.28125,0.03125,-0.125,-74.875,15.5,-180.5
1695634654130,-0.99609375,-0.045898438,-0.1015625,0.4375,0.1875,0.0625,0.0,0.0,0.0
1695634654159,-1.0078125,-0.04296875,-0.09863281,0.0625,-0.21875,0.125,0.0,0.0,0.0
1695634654219,-1.0039062,-0.056640625,-0.10058594,0.375,0.25,0.1875,0.0,0.0,0.0
1695634654248,-1.0068359,-0.044921875,-0.091796875,0.1875,0.25,0.0,0.0,0.0,0.0
1695634654278,-0.9980469,-0.044921875,-0.09667969,0.0625,-0.15625,0.125,0.0,0.0,0.0
1695634654338,-1.0039062,-0.038085938,-0.10253906,-0.34375,0.375,-0.0625,0.0,0.0,0.0
1695634654398,-1.0,-0.043945312,-0.099609375,0.5,-0.28125,-0.0625,0.0,0.0,0.0
1695634654399,-0.9980469,-0.043945312,-0.09375,-0.53125,0.03125,0.1875,0.0,0.0,0.0
1695634654458,-1.0048828,-0.05078125,-0.115234375,0.75,-0.09375,0.0,0.0,0.0,0.0
1695634654488,-1.0029297,-0.041015625,-0.09765625,-0.53125,-0.21875,-0.1875,0.0,0.0,0.0
1695634654518,-1.0078125,-0.038085938,-0.099609375,-0.03125,-0.09375,-0.0625,0.0,0.0,0.0
1695634654579,-0.9980469,-0.046875,-0.095703125,-0.15625,-0.09375,0.0625,0.0,0.0,0.0
1695634654608,-1.0039062,-0.047851562,-0.095703125,-0.65625,0.09375,-0.25,-73.0625,16.5625,-179.4375
1695634654638,-1.0009766,-0.040039062,-0.09375,-0.21875,-0.40625,-0.0625,0.0,0.0,0.0
1695634654698,-0.9980469,-0.05859375,-0.091796875,-0.96875,-0.40625,-0.25,0.0,0.0,0.0
1695634654729,-0.9941406,-0.051757812,-0.087890625,-0.65625,-0.28125,0.0625,0.0,0.0,0.0
1695634654758,-1.0009766,-0.044921875,-0.09082031,0.25,-0.40625,0.0625,0.0,0.0,0.0
1695634654818,-0.99609375,-0.046875,-0.095703125,-0.96875,-0.28125,0.0,0.0,0.0,0.0
1695634654847,-1.0058594,-0.047851562,-0.10546875,-0.21875,-0.28125,-0.0625,0.0,0.0,0.0
1695634654878,-1.0009766,-0.05078125,-0.10253906,-0.71875,-0.21875,-0.0625,0.0,0.0,0.0
1695634654939,-1.0078125,-0.055664062,-0.099609375,0.25,-0.09375,-0.0625,0.0,0.0,0.0
1695634654969,-0.9951172,-0.046875,-0.087890625,-0.15625,-0.28125,-0.125,0.0,0.0,0.0
1695634654998,-0.99609375,-0.057617188,-0.095703125,0.5,0.03125,-0.125,0.0,0.0,0.0
1695634655059,-1.0136719,-0.043945312,-0.09863281,0.5,0.25,0.1875,0.0,0.0,0.0
1695634655089,-0.9892578,-0.05078125,-0.09863281,0.25,-0.03125,0.3125,-73.0625,18.0625,-181.25
1695634655148,-1.0048828,-0.045898438,-0.09472656,0.4375,0.1875,0.125,0.0,0.0,0.0
1695634655179,-1.0087891,-0.0390625,-0.10449219,0.5625,0.03125,0.0625,0.0,0.0,0.0
1695634655208,-0.99902344,-0.049804688,-0.11230469,0.125,0.03125,-0.0625,0.0,0.0,0.0
1695634655238,-1.0009766,-0.045898438,-0.09277344,0.125,0.3125,0.0625,0.0,0.0,0.0
1695634655298,-1.0048828,-0.045898438,-0.08691406,-0.15625,0.3125,0.375,0.0,0.0,0.0
1695634655330,-1.0068359,-0.045898438,-0.09863281,0.5625,0.09375,0.125,0.0,0.0,0.0
1695634655359,-1.0029297,-0.049804688,-0.09765625,-0.09375,0.3125,0.125,0.0,0.0,0.0
1695634655418,-0.99609375,-0.037109375,-0.08691406,1.0,0.1875,0.0625,0.0,0.0,0.0
1695634655448,-1.0,-0.047851562,-0.1015625,-0.28125,-0.15625,-0.125,0.0,0.0,0.0
1695634655479,-1.0,-0.05078125,-0.091796875,0.9375,-0.03125,0.1875,0.0,0.0,0.0
1695634655539,-0.99609375,-0.036132812,-0.11328125,0.1875,0.375,0.0,0.0,0.0,0.0
1695634655568,-1.0009766,-0.041992188,-0.09472656,0.03125,-0.40625,0.125,0.0,0.0,0.0
1695634655598,-0.9970703,-0.052734375,-0.1015625,0.25,-0.03125,-0.125,-73.625,16.0625,-179.625
1695634655658,-1.0048828,-0.048828125,-0.103515625,-0.03125,-0.15625,-0.0625,0.0,0.0,0.0
1695634655689,-1.0068359,-0.036132812,-0.09765625,-0.40625,-0.15625,-0.0625,0.0,0.0,0.0
1695634655718,-0.9941406,-0.046875,-0.103515625,-0.46875,-0.03125,0.0,0.0,0.0,0.0
1695634655779,-1.0048828,-0.038085938,-0.10546875,0.25,-0.40625,-0.3125,0.0,0.0,0.0
1695634655808,-0.99121094,-0.056640625,-0.08300781,-0.84375,-0.28125,-0.25,0.0,0.0,0.0
1695634655839,-1.0078125,-0.049804688,-0.08984375,-0.46875,-0.15625,0.125,0.0,0.0,0.0
1695634655898,-0.9980469,-0.041015625,-0.087890625,0.0625,-0.53125,-0.1875,0.0,0.0,0.0
1695634655930,-0.9980469,-0.045898438,-0.10449219,-0.46875,-0.21875,-0.1875,0.0,0.0,0.0
1695634655960,-0.99902344,-0.047851562,-0.09082031,0.0625,0.09375,-0.0625,0.0,0.0,0.0
1695634656019,-0.99902344,-0.052734375,-0.09863281,0.625,-0.46875,-0.0625,0.0,0.0,0.0
1695634656048,-0.9951172,-0.044921875,-0.099609375,-0.03125,-0.15625,-0.125,0.0,0.0,0.0
1695634656080,-1.0068359,-0.03515625,-0.107421875,0.3125,0.09375,-0.125,-73.8125,16.5625,-180.8125
1695634656138,-1.0,-0.048828125,-0.111328125,-0.40625,-0.21875,0.0,0.0,0.0,0.0
1695634656168,-0.99902344,-0.041992188,-0.09472656,-0.03125,-0.21875,0.0,0.0,0.0,0.0
1695634656198,-1.0058594,-0.064453125,-0.09375,0.125,-0.09375,-0.0625,0.0,0.0,0.0
1695634656259,-0.9980469,-0.044921875,-0.103515625,-0.34375,-0.09375,-0.25,0.0,0.0,0.0
1695634656288,-0.99902344,-0.043945312,-0.1015625,0.0625,-0.15625,0.125,0.0,0.0,0.0
1695634656318,-1.0078125,-0.045898438,-0.091796875,0.0625,0.1875,-0.125,0.0,0.0,0.0
1695634656379,-0.9941406,-0.044921875,-0.09082031,-0.28125,-0.15625,-0.3125,0.0,0.0,0.0
1695634656410,-1.0019531,-0.046875,-0.091796875,-0.03125,-0.09375,0.0,0.0,0.0,0.0
1695634656438,-1.0107422,-0.053710938,-0.10839844,-0.40625,0.3125,0.0625,0.0,0.0,0.0
1695634656500,-1.0068359,-0.04296875,-0.107421875,0.5,-0.21875,0.0,0.0,0.0,0.0
1695634656530,-0.9970703,-0.04296875,-0.115234375,-0.03125,0.15625,-0.1875,0.0,0.0,0.0
1695634656559,-0.9980469,-0.048828125,-0.107421875,0.75,0.03125,0.0625,0.0,0.0,0.0
1695634656619,-0.9941406,-0.041015625,-0.099609375,0.03125,-0.15625,0.0,-73.625,16.375,-180.9375
1695634656679,-1.0039062,-0.0390625,-0.09667969,0.25,-0.21875,0.0,0.0,0.0,0.0
1695634656680,-0.9951172,-0.046875,-0.09667969,-0.09375,-0.15625,-0.125,0.0,0.0,0.0
1695634656738,-1.0019531,-0.043945312,-0.111328125,-0.15625,-0.28125,-0.1875,0.0,0.0,0.0
1695634656768,-1.0,-0.05078125,-0.09765625,0.1875,-0.53125,0.0625,0.0,0.0,0.0
1695634656797,-1.0039062,-0.05078125,-0.09765625,0.4375,0.09375,-0.0625,0.0,0.0,0.0
1695634656858,-1.0097656,-0.043945312,-0.09082031,0.6875,-0.15625,-0.25,0.0,0.0,0.0
1695634656888,-0.99609375,-0.0390625,-0.09667969,0.03125,-0.53125,-0.0625,0.0,0.0,0.0
1695634656918,-1.0009766,-0.046875,-0.103515625,-0.53125,-0.03125,-0.125,0.0,0.0,0.0
1695634656981,-1.0029297,-0.045898438,-0.109375,0.1875,-0.15625,-0.25,0.0,0.0,0.0
1695634657009,-0.9951172,-0.044921875,-0.095703125,-1.375,-0.34375,-0.0625,0.0,0.0,0.0
1695634657039,-0.99609375,-0.046875,-0.09277344,0.4375,0.15625,-0.125,0.0,0.0,0.0
1695634657097,-1.0,-0.034179688,-0.1015625,0.03125,-0.53125,-0.0625,0.0,0.0,0.0
1695634657131,-0.99121094,-0.046875,-0.09765625,-0.03125,-0.09375,0.0,-73.5,17.0,-179.75
1695634657158,-1.0029297,-0.043945312,-0.09375,0.625,-0.03125,-0.1875,0.0,0.0,0.0
1695634657218,-0.99902344,-0.040039062,-0.10058594,-0.34375,-0.40625,0.125,0.0,0.0,0.0
1695634657248,-1.0,-0.047851562,-0.10058594,0.03125,0.09375,-0.0625,0.0,0.0,0.0
1695634657279,-0.9951172,-0.047851562,-0.10253906,0.1875,-0.09375,0.1875,0.0,0.0,0.0
1695634657367,-1.0019531,-0.05078125,-0.087890625,-0.15625,-0.03125,0.0,0.0,0.0,0.0
1695634657369,-1.0068359,-0.048828125,-0.09472656,0.0625,-0.15625,0.0625,0.0,0.0,0.0
1695634657429,-1.0009766,-0.049804688,-0.095703125,0.125,0.09375,0.0,0.0,0.0,0.0
1695634657459,-1.0068359,-0.040039062,-0.103515625,0.1875,0.25,-0.3125,0.0,0.0,0.0
1695634657488,-1.0,-0.040039062,-0.09667969,-0.71875,-0.21875,-0.0625,0.0,0.0,0.0
1695634657518,-1.0019531,-0.04296875,-0.111328125,-0.15625,0.3125,0.125,0.0,0.0,0.0
1695634657580,-0.9951172,-0.043945312,-0.103515625,-0.03125,-0.28125,0.0,0.0,0.0,0.0
1695634657609,-1.0029297,-0.048828125,-0.087890625,-0.40625,0.09375,0.0625,-71.6875,14.75,-180.5
1695634657638,-1.0,-0.032226562,-0.09667969,0.1875,0.1875,0.25,0.0,0.0,0.0
1695634657698,-1.0009766,-0.043945312,-0.10058594,-0.21875,-0.46875,-0.0625,0.0,0.0,0.0
1695634657729,-1.0097656,-0.04296875,-0.09082031,-0.09375,0.09375,-0.0625,0.0,0.0,0.0
1695634657759,-1.0009766,-0.045898438,-0.08300781,-0.09375,-0.03125,-0.0625,0.0,0.0,0.0
1695634657818,-0.99609375,-0.05078125,-0.091796875,-0.28125,-0.34375,-0.0625,0.0,0.0,0.0
1695634657848,-0.99902344,-0.0390625,-0.1015625,-0.09375,-0.15625,0.25,0.0,0.0,0.0
1695634657879,-1.0009766,-0.043945312,-0.10253906,0.125,0.1875,0.0,0.0,0.0,0.0
1695634657938,-0.99902344,-0.038085938,-0.103515625,-0.59375,-0.40625,-0.25,0.0,0.0,0.0
1695634657968,-0.9980469,-0.041015625,-0.09765625,-0.34375,-0.09375,0.0625,0.0,0.0,0.0
1695634657998,-0.99609375,-0.056640625,-0.09375,0.25,0.375,0.0,0.0,0.0,0.0
1695634658059,-0.99609375,-0.037109375,-0.09082031,0.0625,-0.34375,-0.1875,0.0,0.0,0.0
1695634658090,-1.0048828,-0.038085938,-0.11328125,-0.34375,-0.15625,-0.125,0.0,0.0,0.0
1695634658118,-0.99902344,-0.037109375,-0.103515625,0.0625,0.09375,0.0625,-73.8125,17.3125,-180.5
1695634658180,-0.9970703,-0.044921875,-0.11230469,-0.21875,0.09375,0.3125,0.0,0.0,0.0
1695634658209,-0.9892578,-0.037109375,-0.091796875,0.8125,0.15625,0.25,0.0,0.0,0.0
1695634658239,-1.0087891,-0.051757812,-0.10546875,-0.65625,0.15625,0.1875,0.0,0.0,0.0
1695634658298,-0.9980469,-0.041015625,-0.095703125,0.1875,-0.09375,0.0,0.0,0.0,0.0
1695634658330,-0.99316406,-0.03515625,-0.10058594,-0.15625,0.09375,-0.25,0.0,0.0,0.0
1695634658359,-0.9970703,-0.038085938,-0.10644531,-0.40625,0.3125,0.0,0.0,0.0,0.0
1695634658418,-1.0058594,-0.036132812,-0.09765625,0.125,-0.15625,0.0,0.0,0.0,0.0
1695634658448,-1.0,-0.045898438,-0.10644531,-0.21875,-0.03125,0.0625,0.0,0.0,0.0
1695634658481,-1.0,-0.0390625,-0.10058594,-0.21875,0.25,0.0,0.0,0.0,0.0
1695634658539,-1.0039062,-0.041992188,-0.10644531,-0.03125,-0.34375,0.125,0.0,0.0,0.0
1695634658568,-0.99902344,-0.049804688,-0.10546875,-0.65625,-0.15625,0.125,0.0,0.0,0.0
1695634658599,-0.99902344,-0.047851562,-0.087890625,0.1875,0.25,0.0,-71.6875,15.8125,-180.8125
1695634658658,-1.0019531,-0.043945312,-0.09863281,-0.28125,-0.21875,0.125,0.0,0.0,0.0
1695634658688,-0.9951172,-0.04296875,-0.10058594,-0.84375,0.03125,0.0,0.0,0.0,0.0
1695634658718,-1.0068359,-0.051757812,-0.1015625,0.5,0.15625,0.125,0.0,0.0,0.0
1695634658780,-1.0029297,-0.040039062,-0.099609375,-0.34375,-0.15625,-0.25,0.0,0.0,0.0
1695634658809,-0.9980469,-0.051757812,-0.09277344,0.125,-0.09375,0.25,0.0,0.0,0.0
1695634658839,-1.0,-0.045898438,-0.103515625,0.1875,0.03125,0.125,0.0,0.0,0.0
1695634658898,-1.0039062,-0.037109375,-0.11230469,0.03125,0.09375,0.1875,0.0,0.0,0.0
1695634658959,-1.0058594,-0.041992188,-0.10546875,-0.03125,0.15625,0.125,0.0,0.0,0.0
1695634658961,-1.0029297,-0.04296875,-0.11230469,0.3125,-0.09375,0.3125,0.0,0.0,0.0
1695634659018,-0.99902344,-0.032226562,-0.1015625,-0.09375,0.15625,-0.0625,0.0,0.0,0.0
1695634659048,-0.99902344,-0.0390625,-0.095703125,0.375,-0.03125,0.1875,0.0,0.0,0.0
1695634659079,-0.9970703,-0.033203125,-0.103515625,0.03125,0.3125,0.125,0.0,0.0,0.0
1695634659168,-0.9980469,-0.036132812,-0.09277344,0.3125,-0.34375,0.1875,-72.75,14.75,-181.5625
1695634659169,-1.0087891,-0.041015625,-0.10546875,-0.28125,0.1875,0.0625,0.0,0.0,0.0
1695634659198,-1.0068359,-0.041992188,-0.10839844,-0.28125,0.15625,0.0625,0.0,0.0,0.0
1695634659288,-1.0009766,-0.032226562,-0.09472656,-0.03125,-0.21875,0.375,0.0,0.0,0.0
1695634659289,-1.0068359,-0.0390625,-0.10253906,-0.59375,0.3125,0.125,0.0,0.0,0.0
1695634659348,-1.0078125,-0.037109375,-0.091796875,0.5625,-0.03125,0.0,0.0,0.0,0.0
1695634659379,-0.99902344,-0.043945312,-0.10449219,-1.375,-0.09375,0.0,0.0,0.0,0.0
1695634659410,-1.0039062,-0.040039062,-0.10253906,0.1875,0.375,0.125,0.0,0.0,0.0
1695634659439,-0.9873047,-0.041992188,-0.11230469,-0.09375,-0.09375,0.1875,0.0,0.0,0.0
1695634659498,-0.9980469,-0.037109375,-0.11328125,-0.78125,-0.15625,0.0,0.0,0.0,0.0
1695634659529,-0.9951172,-0.05078125,-0.09863281,0.6875,0.03125,0.0,0.0,0.0,0.0
1695634659559,-1.0,-0.038085938,-0.11035156,-0.09375,-0.03125,-0.1875,0.0,0.0,0.0
1695634659618,-0.99121094,-0.032226562,-0.103515625,-0.03125,-0.21875,0.0625,-71.875,16.6875,-180.9375
1695634659648,-1.0009766,-0.045898438,-0.103515625,0.125,-0.03125,0.1875,0.0,0.0,0.0
1695634659708,-1.0058594,-0.041015625,-0.09667969,0.3125,-0.03125,0.125,0.0,0.0,0.0
1695634659738,-0.9970703,-0.044921875,-0.10449219,0.1875,-0.21875,0.1875,0.0,0.0,0.0
1695634659768,-1.0048828,-0.038085938,-0.10058594,0.03125,0.09375,-0.25,0.0,0.0,0.0
1695634659798,-1.0039062,-0.03125,-0.107421875,0.03125,-0.21875,-0.125,0.0,0.0,0.0
1695634659858,-1.0029297,-0.041015625,-0.1171875,-0.53125,-0.34375,-0.125,0.0,0.0,0.0
1695634659889,-1.0029297,-0.036132812,-0.10058594,0.3125,0.3125,0.0625,0.0,0.0,0.0
1695634659919,-1.0,-0.036132812,-0.103515625,0.25,-0.34375,-0.0625,0.0,0.0,0.0
1695634659979,-0.9980469,-0.040039062,-0.11035156,-0.34375,-0.15625,-0.3125,0.0,0.0,0.0
1695634660009,-0.99121094,-0.0390625,-0.10449219,0.125,0.09375,-0.25,0.0,0.0,0.0
1695634660038,-0.9941406,-0.034179688,-0.095703125,-0.03125,-0.03125,0.125,0.0,0.0,0.0
1695634660098,-0.99609375,-0.041992188,-0.11328125,0.3125,-0.09375,0.0625,0.0,0.0,0.0
1695634660130,-1.0029297,-0.041992188,-0.10253906,0.25,0.1875,-0.125,-74.125,19.0625,-179.4375
1695634660159,-0.99316406,-0.029296875,-0.09667969,0.125,-0.46875,-0.1875,0.0,0.0,0.0
1695634660217,-0.9941406,-0.0390625,-0.11425781,-0.53125,-0.09375,-0.0625,0.0,0.0,0.0
1695634660249,-1.0039062,-0.038085938,-0.09863281,0.375,-0.28125,-0.0625,0.0,0.0,0.0
1695634660280,-1.0068359,-0.037109375,-0.115234375,-0.53125,-0.21875,-0.125,0.0,0.0,0.0
1695634660341,-0.99121094,-0.045898438,-0.11328125,-0.03125,-0.28125,-0.1875,0.0,0.0,0.0
1695634660368,-1.0048828,-0.036132812,-0.10644531,-0.53125,-0.21875,-0.25,0.0,0.0,0.0
1695634660399,-1.0048828,-0.043945312,-0.1015625,-0.09375,-0.21875,-0.25,0.0,0.0,0.0
1695634660459,-1.0,-0.036132812,-0.10058594,-0.09375,-0.34375,-0.375,0.0,0.0,0.0
1695634660488,-0.9970703,-0.037109375,-0.087890625,-0.65625,-0.46875,-0.3125,0.0,0.0,0.0
1695634660518,-0.9970703,-0.046875,-0.09472656,-0.46875,-0.09375,-0.125,0.0,0.0,0.0
1695634660578,-0.9951172,-0.041992188,-0.09277344,0.4375,0.03125,0.0625,0.0,0.0,0.0
1695634660608,-0.99902344,-0.03515625,-0.091796875,-0.53125,-0.09375,-0.0625,-73.5,15.5,-180.5
1695634660639,-1.0029297,-0.046875,-0.1015625,-0.03125,-0.28125,-0.0625,0.0,0.0,0.0
1695634660668,-1.0009766,-0.041015625,-0.11230469,-0.03125,0.15625,-0.125,0.0,0.0,0.0
1695634660729,-0.9970703,-0.036132812,-0.109375,-0.15625,-0.09375,-0.25,0.0,0.0,0.0
1695634660759,-0.98828125,-0.041992188,-0.099609375,0.3125,-0.15625,0.0625,0.0,0.0,0.0
1695634660788,-1.0039062,-0.051757812,-0.11425781,-0.21875,-0.09375,-0.0625,0.0,0.0,0.0
1695634660849,-1.0,-0.041992188,-0.103515625,0.25,-0.03125,-0.1875,0.0,0.0,0.0
1695634660879,-1.0068359,-0.041992188,-0.10839844,-0.03125,-0.03125,0.0625,0.0,0.0,0.0
1695634660909,-0.9951172,-0.040039062,-0.11621094,-0.21875,-0.21875,-0.0625,0.0,0.0,0.0
1695634660969,-0.9970703,-0.045898438,-0.09863281,-0.28125,-0.09375,-0.1875,0.0,0.0,0.0
1695634660999,-0.99902344,-0.03515625,-0.10644531,0.03125,-0.03125,-0.0625,0.0,0.0,0.0
1695634661029,-0.9951172,-0.038085938,-0.09082031,-0.34375,-0.03125,-0.1875,0.0,0.0,0.0
1695634661088,-0.9980469,-0.036132812,-0.107421875,-0.03125,-0.71875,0.0,0.0,0.0,0.0
1695634661118,-0.99609375,-0.037109375,-0.1015625,-0.34375,0.25,-0.0625,-72.75,17.3125,-180.8125
1695634661149,-1.0019531,-0.041992188,-0.11035156,0.0625,0.15625,0.0625,0.0,0.0,0.0
1695634661239,-0.9980469,-0.03515625,-0.095703125,0.03125,-0.59375,0.125,0.0,0.0,0.0
1695634661240,-1.0087891,-0.041015625,-0.1015625,-0.40625,0.1875,-0.25,0.0,0.0,0.0
1695634661268,-1.0058594,-0.041992188,-0.107421875,0.375,0.03125,0.0,0.0,0.0,0.0
1695634661328,-0.9951172,-0.033203125,-0.11425781,0.25,-0.09375,0.0625,0.0,0.0,0.0
1695634661358,-1.0,-0.041992188,-0.1015625,0.03125,0.15625,0.0625,0.0,0.0,0.0
1695634661387,-1.0048828,-0.05078125,-0.115234375,0.25,0.15625,0.25,0.0,0.0,0.0
1695634661448,-1.0019531,-0.047851562,-0.10644531,-0.03125,0.15625,0.0625,0.0,0.0,0.0
1695634661480,-0.99609375,-0.0390625,-0.09863281,0.03125,-0.34375,0.0625,0.0,0.0,0.0
1695634661508,-0.9941406,-0.038085938,-0.09863281,-0.53125,0.25,0.125,0.0,0.0,0.0
1695634661570,-1.0,-0.040039062,-0.1015625,0.3125,-0.15625,-0.125,0.0,0.0,0.0
1695634661599,-1.0029297,-0.036132812,-0.10546875,-0.71875,-0.15625,-0.0625,-73.625,16.375,-180.625
1695634661628,-0.9980469,-0.047851562,-0.1015625,-0.03125,-0.15625,0.0,0.0,0.0,0.0
1695634661687,-0.9902344,-0.038085938,-0.10253906,-0.15625,-0.03125,0.125,0.0,0.0,0.0
1695634661718,-0.9980469,-0.044921875,-0.11035156,-0.15625,0.09375,0.125,0.0,0.0,0.0
1695634661748,-1.0039062,-0.045898438,-0.10253906,0.0625,-0.15625,0.125,0.0,0.0,0.0
1695634661808,-0.98828125,-0.032226562,-0.11621094,-0.78125,-0.28125,-0.3125,0.0,0.0,0.0
1695634661838,-1.0078125,-0.032226562,-0.10253906,0.5,0.25,-0.125,0.0,0.0,0.0
1695634661868,-1.0078125,-0.03125,-0.10644531,-0.09375,-0.09375,0.125,0.0,0.0,0.0
1695634661928,-0.9941406,-0.044921875,-0.111328125,-0.03125,-0.09375,0.1875,0.0,0.0,0.0
1695634661988,-1.0009766,-0.044921875,-0.111328125,0.5625,0.1875,0.125,0.0,0.0,0.0
1695634661989,-0.99609375,-0.037109375,-0.1171875,-0.03125,-0.21875,0.125,0.0,0.0,0.0
1695634662049,-0.9941406,-0.036132812,-0.09472656,-0.53125,0.15625,-0.25,0.0,0.0,0.0
1695634662079,-0.99609375,-0.032226562,-0.10546875,-0.03125,-0.21875,0.0,0.0,0.0,0.0
1695634662109,-0.9921875,-0.028320312,-0.1015625,-0.46875,-0.21875,0.0625,-71.875,16.375,-180.625
1695634662169,-0.9980469,-0.0390625,-0.11621094,0.03125,0.03125,0.0,0.0,0.0,0.0
1695634662198,-1.0039062,-0.0390625,-0.099609375,0.125,-0.15625,-0.125,0.0,0.0,0.0
1695634662228,-0.99902344,-0.040039062,-0.10546875,-0.40625,-0.21875,0.0,0.0,0.0,0.0
1695634662289,-1.0097656,-0.04296875,-0.12109375,0.5,0.15625,0.125,0.0,0.0,0.0
1695634662318,-1.0,-0.03515625,-0.10644531,-0.03125,0.03125,0.0,0.0,0.0,0.0
1695634662348,-0.9902344,-0.05078125,-0.11328125,-0.34375,-0.21875,0.0625,0.0,0.0,0.0
1695634662408,-0.9970703,-0.045898438,-0.109375,0.375,0.1875,-0.0625,0.0,0.0,0.0
1695634662438,-1.0,-0.03125,-0.09667969,0.75,-0.15625,0.0,0.0,0.0,0.0
1695634662468,-1.0078125,-0.0390625,-0.11425781,0.3125,0.03125,0.0,0.0,0.0,0.0
1695634662531,-1.0078125,-0.03515625,-0.11328125,0.25,-0.21875,-0.1875,0.0,0.0,0.0
1695634662558,-1.0029297,-0.040039062,-0.11328125,-0.28125,-0.46875,-0.125,0.0,0.0,0.0
1695634662588,-0.9951172,-0.03515625,-0.11230469,-0.34375,-0.21875,-0.0625,-73.8125,17.3125,-181.25
1695634662649,-1.0058594,-0.0390625,-0.09863281,0.0625,-0.28125,0.0625,0.0,0.0,0.0
1695634662678,-0.99316406,-0.045898438,-0.103515625,-1.09375,-0.34375,-0.125,0.0,0.0,0.0
1695634662709,-1.0078125,-0.0390625,-0.103515625,0.03125,-0.21875,-0.1875,0.0,0.0,0.0
1695634662769,-0.99902344,-0.037109375,-0.103515625,-0.84375,-0.65625,-0.1875,0.0,0.0,0.0
1695634662798,-0.9921875,-0.043945312,-0.099609375,-0.46875,-0.46875,0.0,0.0,0.0,0.0
1695634662829,-1.0029297,-0.041992188,-0.119140625,-0.53125,-0.03125,0.25,0.0,0.0,0.0
1695634662888,-0.9970703,-0.040039062,-0.103515625,0.1875,0.03125,0.1875,0.0,0.0,0.0
1695634662918,-1.0048828,-0.045898438,-0.09863281,0.125,-0.15625,-0.125,0.0,0.0,0.0
1695634662949,-1.0068359,-0.033203125,-0.095703125,0.5625,0.1875,-0.0625,0.0,0.0,0.0
1695634663008,-0.9951172,-0.033203125,-0.09863281,0.375,0.15625,0.0625,0.0,0.0,0.0
1695634663039,-0.9980469,-0.036132812,-0.109375,0.375,0.15625,0.4375,0.0,0.0,0.0
1695634663067,-0.99902344,-0.041015625,-0.103515625,-0.09375,0.375,0.1875,0.0,0.0,0.0
1695634663129,-1.0175781,-0.032226562,-0.09667969,0.5625,0.25,0.0,-72.125,17.875,-181.375
1695634663158,-0.9873047,-0.03125,-0.123046875,-0.28125,-0.09375,0.0,0.0,0.0,0.0
1695634663188,-1.0,-0.032226562,-0.11230469,0.4375,-0.03125,-0.25,0.0,0.0,0.0
1695634663249,-1.0,-0.037109375,-0.123046875,-0.34375,0.03125,-0.0625,0.0,0.0,0.0
1695634663279,-1.0136719,-0.041992188,-0.11230469,0.375,0.09375,-0.125,0.0,0.0,0.0
1695634663308,-0.9951172,-0.040039062,-0.111328125,-0.03125,-0.53125,-0.1875,0.0,0.0,0.0
1695634663368,-0.9970703,-0.0390625,-0.107421875,-0.59375,-0.15625,-0.1875,0.0,0.0,0.0
1695634663428,-1.0087891,-0.0390625,-0.1015625,0.125,-0.15625,0.0,0.0,0.0,0.0
1695634663431,-1.0,-0.038085938,-0.11425781,-0.65625,-0.09375,-0.25,0.0,0.0,0.0
1695634663517,-1.0009766,-0.045898438,-0.09765625,0.375,-0.28125,0.0,0.0,0.0,0.0
1695634663519,-0.99902344,-0.029296875,-0.091796875,0.3125,-0.03125,-0.5625,0.0,0.0,0.0
1695634663548,-1.0048828,-0.033203125,-0.12207031,0.1875,-0.40625,0.0625,0.0,0.0,0.0
1695634663609,-1.0009766,-0.026367188,-0.1015625,0.0625,-0.03125,-0.0625,-72.875,16.0625,-181.375
1695634663638,-0.99121094,-0.040039062,-0.11328125,0.125,-0.53125,-0.125,0.0,0.0,0.0
1695634663668,-0.9980469,-0.04296875,-0.09472656,-0.59375,-0.09375,0.0,0.0,0.0,0.0
1695634663730,-1.0048828,-0.033203125,-0.111328125,0.03125,-0.28125,-0.0625,0.0,0.0,0.0
1695634663758,-0.99121094,-0.049804688,-0.10449219,-0.34375,-0.53125,0.0,0.0,0.0,0.0
1695634663788,-1.0039062,-0.037109375,-0.12207031,-0.34375,-0.15625,-0.1875,0.0,0.0,0.0
1695634663848,-0.99902344,-0.036132812,-0.11425781,-0.09375,-0.34375,-0.125,0.0,0.0,0.0
1695634663880,-0.99609375,-0.022460938,-0.10546875,-1.4375,-0.53125,-0.1875,0.0,0.0,0.0
1695634663909,-0.9921875,-0.0390625,-0.10839844,0.0625,-0.59375,-0.125,0.0,0.0,0.0
1695634663967,-1.0029297,-0.038085938,-0.087890625,-1.03125,-0.28125,-0.0625,0.0,0.0,0.0
1695634663998,-1.0029297,-0.03515625,-0.09472656,0.25,-0.53125,-0.125,0.0,0.0,0.0
1695634664027,-1.0048828,-0.034179688,-0.11621094,-0.15625,-0.15625,-0.1875,0.0,0.0,0.0
1695634664087,-0.99902344,-0.034179688,-0.107421875,0.03125,-0.09375,-0.3125,0.0,0.0,0.0
1695634664118,-0.9951172,-0.030273438,-0.095703125,0.5,-0.09375,0.0,-73.0625,16.25,-181.5625
1695634664148,-1.0087891,-0.043945312,-0.109375,0.5625,0.28125,-0.0625,0.0,0.0,0.0
1695634664207,-0.99609375,-0.028320312,-0.11035156,-0.03125,0.03125,0.0,0.0,0.0,0.0
1695634664267,-0.99609375,-0.036132812,-0.115234375,0.0625,0.03125,0.0625,0.0,0.0,0.0
1695634664268,-0.99902344,-0.04296875,-0.09667969,0.3125,0.03125,0.0625,0.0,0.0,0.0
1695634664328,-0.9951172,-0.041992188,-0.107421875,0.0625,0.03125,0.0625,0.0,0.0,0.0
1695634664358,-1.0087891,-0.02734375,-0.1015625,-0.34375,-0.09375,-0.3125,0.0,0.0,0.0
1695634664388,-1.0048828,-0.033203125,-0.10253906,-0.40625,-0.03125,-0.125,0.0,0.0,0.0
1695634664448,-1.0009766,-0.041992188,-0.111328125,-0.53125,-0.03125,-0.0625,0.0,0.0,0.0
1695634664479,-1.0009766,-0.041015625,-0.091796875,0.0625,0.03125,0.0,0.0,0.0,0.0
1695634664508,-1.0019531,-0.030273438,-0.10839844,-0.03125,0.03125,0.0625,0.0,0.0,0.0
1695634664567,-0.9921875,-0.037109375,-0.11035156,-0.15625,0.15625,-0.125,0.0,0.0,0.0
1695634664598,-1.0019531,-0.03515625,-0.1015625,0.0625,0.28125,-0.1875,-73.1875,15.625,-179.625
1695634664628,-0.99902344,-0.041992188,-0.10546875,0.03125,0.34375,-0.0625,0.0,0.0,0.0
1695634664688,-0.9892578,-0.040039062,-0.109375,0.0625,0.03125,-0.25,0.0,0.0,0.0
1695634664718,-1.0,-0.040039062,-0.103515625,0.03125,0.09375,0.0,0.0,0.0,0.0
1695634664748,-1.0039062,-0.0390625,-0.119140625,0.4375,0.46875,-0.0625,0.0,0.0,0.0
1695634664808,-0.99316406,-0.040039062,-0.119140625,0.4375,-0.09375,-0.25,0.0,0.0,0.0
1695634664839,-1.0,-0.033203125,-0.11425781,0.0625,0.03125,0.0625,0.0,0.0,0.0
1695634664867,-0.9921875,-0.030273438,-0.10644531,-0.53125,0.03125,-0.3125,0.0,0.0,0.0
1695634664928,-1.0,-0.036132812,-0.10058594,-0.03125,-0.09375,-0.1875,0.0,0.0,0.0
1695634664958,-0.99609375,-0.033203125,-0.09863281,-0.03125,0.09375,0.0,0.0,0.0,0.0
1695634664987,-0.9941406,-0.03515625,-0.11035156,-0.03125,-0.09375,0.0,0.0,0.0,0.0
1695634665048,-0.9873047,-0.041015625,-0.09863281,0.03125,0.15625,-0.1875,0.0,0.0,0.0
1695634665078,-0.99902344,-0.038085938,-0.099609375,0.25,0.15625,0.0,0.0,0.0,0.0
1695634665107,-0.9980469,-0.036132812,-0.11328125,-0.09375,-0.03125,-0.125,-72.875,16.6875,-182.0
1695634665167,-1.0058594,-0.038085938,-0.11328125,-0.21875,0.03125,0.0,0.0,0.0,0.0
1695634665198,-1.0039062,-0.033203125,-0.10839844,0.4375,0.09375,-0.0625,0.0,0.0,0.0
1695634665228,-0.99609375,-0.038085938,-0.10253906,-0.03125,-0.03125,0.0,0.0,0.0,0.0
1695634665287,-1.0009766,-0.028320312,-0.11621094,0.3125,0.21875,0.125,0.0,0.0,0.0
1695634665317,-1.0029297,-0.044921875,-0.099609375,0.0625,0.09375,-0.3125,0.0,0.0,0.0
1695634665348,-0.9951172,-0.030273438,-0.115234375,0.125,-0.09375,0.0,0.0,0.0,0.0
1695634665408,-1.0039062,-0.037109375,-0.1015625,-0.46875,-0.03125,-0.125,0.0,0.0,0.0
1695634665439,-1.0,-0.037109375,-0.10839844,0.03125,-0.21875,-0.1875,0.0,0.0,0.0
1695634665467,-1.0029297,-0.028320312,-0.08886719,-0.28125,-0.15625,-0.34375,0.0,0.0,0.0
1695634665529,-0.9951172,-0.036132812,-0.11425781,-0.28125,-0.09375,-0.1875,0.0,0.0,0.0
1695634665557,-1.0048828,-0.03515625,-0.10644531,-0.03125,0.03125,-0.125,0.0,0.0,0.0
1695634665589,-1.0019531,-0.0390625,-0.115234375,0.25,-0.09375,0.0,-73.1875,15.625,-179.875
1695634665648,-0.9921875,-0.047851562,-0.10644531,-0.34375,-0.03125,-0.25,0.0,0.0,0.0
1695634665679,-1.0058594,-0.040039062,-0.10253906,0.25,0.09375,-0.1875,0.0,0.0,0.0
1695634665709,-0.9970703,-0.037109375,-0.11230469,-0.09375,-0.09375,-0.25,0.0,0.0,0.0
1695634665798,-1.0048828,-0.036132812,-0.10839844,0.375,0.21875,-0.25,0.0,0.0,0.0
1695634665800,-1.0058594,-0.037109375,-0.11816406,0.3125,0.09375,-0.34375,0.0,0.0,0.0
1695634665828,-0.99609375,-0.034179688,-0.10839844,0.25,-0.09375,-0.1875,0.0,0.0,0.0
1695634665888,-1.0019531,-0.043945312,-0.115234375,0.125,-0.03125,0.0,0.0,0.0,0.0
1695634665917,-1.0009766,-0.036132812,-0.1015625,-0.09375,-0.15625,-0.1875,0.0,0.0,0.0
1695634665948,-0.99902344,-0.036132812,-0.1015625,-0.15625,-0.09375,-0.125,0.0,0.0,0.0
1695634666008,-1.0,-0.0390625,-0.09863281,-0.34375,-0.4375,-0.40625,0.0,0.0,0.0
1695634666038,-0.9941406,-0.041015625,-0.10546875,-0.09375,-0.34375,-0.3125,0.0,0.0,0.0
1695634666067,-0.9970703,-0.034179688,-0.09765625,-0.34375,0.03125,-0.25,0.0,0.0,0.0
1695634666128,-1.0048828,-0.034179688,-0.10546875,0.3125,-0.21875,-0.34375,-73.1875,16.375,-181.6875
1695634666158,-0.9892578,-0.041015625,-0.09082031,-1.3125,-0.28125,-0.25,0.0,0.0,0.0
1695634666187,-0.9951172,-0.047851562,-0.10644531,0.5625,0.15625,-0.0625,0.0,0.0,0.0
1695634666279,-1.0039062,-0.044921875,-0.1015625,-0.34375,0.03125,-0.125,0.0,0.0,0.0
1695634666280,-0.99609375,-0.048828125,-0.09082031,0.5625,-0.15625,0.0625,0.0,0.0,0.0
1695634666309,-0.99609375,-0.045898438,-0.11035156,0.03125,0.09375,-0.3125,0.0,0.0,0.0
1695634666368,-1.0019531,-0.041992188,-0.09375,0.75,0.34375,0.0625,0.0,0.0,0.0
1695634666399,-1.0,-0.037109375,-0.099609375,0.75,0.03125,-0.125,0.0,0.0,0.0
1695634666439,-0.99609375,-0.047851562,-0.09082031,0.03125,-0.03125,0.0625,0.0,0.0,0.0
1695634666487,-0.99902344,-0.038085938,-0.103515625,0.3125,0.34375,0.0625,0.0,0.0,0.0
1695634666549,-1.0039062,-0.040039062,-0.10449219,0.4375,0.03125,0.0,0.0,0.0,0.0
1695634666550,-0.9980469,-0.041992188,-0.09667969,-0.28125,-0.28125,-0.0625,0.0,0.0,0.0
1695634666609,-1.0048828,-0.041992188,-0.10644531,-0.03125,0.21875,-0.125,-72.625,18.1875,-181.375
1695634666638,-1.0048828,-0.03125,-0.10449219,-0.03125,-0.21875,-0.1875,0.0,0.0,0.0
1695634666668,-1.0009766,-0.034179688,-0.111328125,-0.40625,-0.03125,-0.25,0.0,0.0,0.0
1695634666730,-1.0039062,-0.037109375,-0.115234375,-0.59375,0.09375,-0.1875,0.0,0.0,0.0
1695634666758,-1.0078125,-0.047851562,-0.09667969,-0.03125,-0.40625,-0.3125,0.0,0.0,0.0
1695634666787,-0.99902344,-0.038085938,-0.09863281,-0.90625,-0.09375,-0.25,0.0,0.0,0.0
1695634666848,-0.9951172,-0.047851562,-0.10644531,0.25,0.15625,0.0,0.0,0.0,0.0
1695634666879,-1.0,-0.03515625,-0.1015625,0.1875,-0.09375,-0.25,0.0,0.0,0.0
1695634666909,-0.9980469,-0.043945312,-0.107421875,-0.09375,-0.09375,-0.46875,0.0,0.0,0.0
1695634666968,-0.9980469,-0.040039062,-0.10058594,0.4375,0.15625,-0.25,0.0,0.0,0.0
1695634666998,-0.9951172,-0.03515625,-0.10058594,0.3125,-0.09375,-0.0625,0.0,0.0,0.0
1695634667028,-0.9902344,-0.0390625,-0.11035156,0.4375,0.03125,0.0,0.0,0.0,0.0
1695634667087,-0.9951172,-0.041992188,-0.09667969,0.125,0.28125,-0.0625,0.0,0.0,0.0
1695634667118,-1.0019531,-0.0390625,-0.09472656,0.03125,-0.21875,-0.3125,-73.8125,15.1875,-180.8125
1695634667149,-0.9951172,-0.043945312,-0.095703125,-0.34375,-0.09375,-0.3125,0.0,0.0,0.0
1695634667207,-0.9951172,-0.03515625,-0.10546875,0.25,-0.09375,-0.3125,0.0,0.0,0.0
1695634667238,-1.0,-0.043945312,-0.1015625,-0.34375,-0.21875,-0.25,0.0,0.0,0.0
1695634667268,-0.99316406,-0.02734375,-0.10546875,0.5,0.15625,-0.1875,0.0,0.0,0.0
1695634667327,-1.0048828,-0.045898438,-0.08984375,-0.59375,0.21875,-0.0625,0.0,0.0,0.0
1695634667359,-0.9970703,-0.04296875,-0.10058594,-0.09375,-0.15625,-0.125,0.0,0.0,0.0
1695634667388,-0.9980469,-0.046875,-0.103515625,0.1875,0.09375,-0.25,0.0,0.0,0.0
1695634667448,-0.9941406,-0.046875,-0.115234375,-0.53125,-0.09375,-0.1875,0.0,0.0,0.0
1695634667478,-0.99902344,-0.044921875,-0.10058594,0.0625,0.03125,-0.1875,0.0,0.0,0.0
1695634667507,-0.9980469,-0.043945312,-0.08886719,-0.03125,-0.03125,-0.40625,0.0,0.0,0.0
1695634667539,-0.98535156,-0.041015625,-0.103515625,0.3125,0.15625,-0.1875,0.0,0.0,0.0
1695634667598,-0.99902344,-0.0390625,-0.1015625,0.3125,-0.28125,-0.1875,-73.625,16.375,-179.625
1695634667628,-1.0019531,-0.043945312,-0.09472656,-0.03125,0.03125,0.0,0.0,0.0,0.0
1695634667659,-1.0009766,-0.041992188,-0.08300781,0.75,0.03125,0.0,0.0,0.0,0.0
1695634667717,-0.9902344,-0.045898438,-0.09082031,-0.40625,-0.09375,-0.40625,0.0,0.0,0.0
1695634667749,-1.0029297,-0.045898438,-0.09765625,0.375,0.09375,-0.25,0.0,0.0,0.0
1695634667778,-0.99121094,-0.037109375,-0.11035156,-0.28125,-0.09375,-0.1875,0.0,0.0,0.0
1695634667837,-1.0009766,-0.041015625,-0.10546875,-0.15625,0.03125,-0.1875,0.0,0.0,0.0
1695634667868,-1.0068359,-0.046875,-0.10546875,-0.03125,-0.03125,-0.0625,0.0,0.0,0.0
1695634667899,-1.0,-0.037109375,-0.09863281,0.03125,0.09375,-0.1875,0.0,0.0,0.0
1695634667958,-1.0009766,-0.051757812,-0.10839844,-0.15625,0.21875,-0.125,0.0,0.0,0.0
1695634667988,-0.9980469,-0.043945312,-0.08984375,0.1875,0.09375,0.0,0.0,0.0,0.0
1695634668017,-1.0048828,-0.05078125,-0.10058594,-0.09375,0.03125,-0.0625,0.0,0.0,0.0
1695634668078,-1.0009766,-0.047851562,-0.09863281,0.03125,0.15625,-0.3125,0.0,0.0,0.0
1695634668108,-0.9980469,-0.046875,-0.09375,0.0625,0.28125,-0.0625,-73.8125,16.25,-181.25
1695634668139,-1.0097656,-0.041015625,-0.10253906,0.25,0.28125,-0.125,0.0,0.0,0.0
1695634668199,-0.9970703,-0.032226562,-0.111328125,0.1875,0.21875,-0.0625,0.0,0.0,0.0
1695634668227,-1.0009766,-0.043945312,-0.10449219,-0.15625,0.15625,0.125,0.0,0.0,0.0
1695634668259,-0.9902344,-0.036132812,-0.115234375,0.3125,0.40625,0.25,0.0,0.0,0.0
1695634668317,-1.0039062,-0.046875,-0.09765625,0.375,0.28125,0.0,0.0,0.0,0.0
1695634668350,-1.0029297,-0.038085938,-0.10253906,0.1875,0.15625,-0.1875,0.0,0.0,0.0
1695634668379,-0.99316406,-0.048828125,-0.09667969,-0.53125,0.03125,-0.125,0.0,0.0,0.0
1695634668437,-0.99902344,-0.041992188,-0.087890625,0.1875,0.34375,-0.0625,0.0,0.0,0.0
1695634668467,-0.9970703,-0.045898438,-0.09375,-0.21875,-0.03125,0.0625,0.0,0.0,0.0
1695634668498,-0.9863281,-0.041992188,-0.09765625,-0.46875,-0.03125,-0.0625,0.0,0.0,0.0
1695634668558,-1.0087891,-0.0390625,-0.11230469,0.3125,0.03125,-0.0625,0.0,0.0,0.0
1695634668588,-0.99609375,-0.044921875,-0.10546875,-0.09375,-0.03125,-0.0625,-72.875,16.375,-179.875
1695634668618,-1.0009766,-0.041015625,-0.09667969,0.03125,0.28125,0.0,0.0,0.0,0.0
1695634668679,-0.9941406,-0.043945312,-0.09863281,0.25,-0.34375,-0.125,0.0,0.0,0.0
1695634668708,-0.9970703,-0.043945312,-0.10839844,-0.15625,0.40625,0.0,0.0,0.0,0.0
1695634668738,-1.0107422,-0.043945312,-0.095703125,0.8125,0.09375,0.125,0.0,0.0,0.0
1695634668827,-0.99609375,-0.0390625,-0.10449219,0.1875,0.15625,0.1875,0.0,0.0,0.0
1695634668828,-1.0058594,-0.041992188,-0.123046875,0.5,0.40625,-0.0625,0.0,0.0,0.0
1695634668859,-1.0009766,-0.0390625,-0.12011719,-0.03125,-0.09375,0.125,0.0,0.0,0.0
1695634668918,-1.0087891,-0.043945312,-0.115234375,-0.34375,0.53125,-0.0625,0.0,0.0,0.0
1695634668948,-1.0029297,-0.046875,-0.10449219,0.1875,0.09375,-0.1875,0.0,0.0,0.0
1695634668978,-0.99316406,-0.04296875,-0.10058594,-1.3125,0.09375,-0.1875,0.0,0.0,0.0
1695634669067,-1.0019531,-0.041992188,-0.09765625,0.25,0.09375,-0.0625,0.0,0.0,0.0
1695634669068,-1.0,-0.045898438,-0.10058594,-0.46875,-0.09375,-0.0625,0.0,0.0,0.0
1695634669098,-1.0048828,-0.036132812,-0.10546875,-0.15625,0.03125,-0.125,-72.875,16.0625,-181.6875
1695634669158,-0.9951172,-0.034179688,-0.107421875,-0.46875,0.09375,-0.0625,0.0,0.0,0.0
1695634669188,-1.0048828,-0.037109375,-0.10058594,-0.28125,0.03125,-0.0625,0.0,0.0,0.0
1695634669218,-0.9921875,-0.044921875,-0.09667969,-0.28125,-0.21875,-0.125,0.0,0.0,0.0
1695634669279,-0.9970703,-0.051757812,-0.09472656,0.125,0.28125,0.0625,0.0,0.0,0.0
1695634669307,-1.0029297,-0.047851562,-0.09472656,0.125,0.15625,0.0,0.0,0.0,0.0
1695634669338,-1.0058594,-0.046875,-0.099609375,0.65625,-0.53125,0.0625,0.0,0.0,0.0
1695634669399,-0.99609375,-0.032226562,-0.10253906,0.4375,0.21875,-0.0625,0.0,0.0,0.0
1695634669429,-0.9951172,-0.037109375,-0.10253906,0.5,0.21875,0.0,0.0,0.0,0.0
1695634669458,-0.9970703,-0.03125,-0.107421875,-0.5625,-0.15625,-0.0625,0.0,0.0,0.0
1695634669518,-0.99902344,-0.03125,-0.10644531,-0.75,0.15625,-0.0625,0.0,0.0,0.0
1695634669548,-0.99609375,-0.047851562,-0.09277344,-0.375,0.03125,0.0,0.0,0.0,0.0
1695634669578,-1.0019531,-0.044921875,-0.087890625,-0.3125,-0.28125,-0.09375,-72.625,16.6875,-180.625
1695634669637,-1.0068359,-0.0390625,-0.09375,-0.1875,-0.28125,0.0625,0.0,0.0,0.0
1695634669669,-0.9921875,-0.051757812,-0.10644531,-0.1875,-0.03125,-0.15625,0.0,0.0,0.0
1695634669700,-1.0019531,-0.0390625,-0.099609375,0.375,0.28125,-0.15625,0.0,0.0,0.0
1695634669758,-0.9951172,-0.04296875,-0.09277344,-0.5625,-0.09375,0.0625,0.0,0.0,0.0
1695634669787,-1.0,-0.046875,-0.10253906,0.0,0.03125,-0.0625,0.0,0.0,0.0
1695634669819,-0.99902344,-0.044921875,-0.10253906,0.125,0.28125,-0.34375,0.0,0.0,0.0
1695634669879,-1.0048828,-0.040039062,-0.11230469,0.4375,-0.09375,-0.0625,0.0,0.0,0.0
1695634669908,-1.0029297,-0.041992188,-0.10644531,0.65625,0.09375,0.125,0.0,0.0,0.0
1695634669939,-1.0,-0.044921875,-0.10253906,0.5625,0.03125,-0.0625,0.0,0.0,0.0
1695634670000,-1.0,-0.0390625,-0.10644531,0.84375,0.09375,0.0,0.0,0.0,0.0
1695634670029,-0.9970703,-0.041015625,-0.10449219,-0.625,-0.28125,-0.0625,0.0,0.0,0.0
1695634670058,-0.99902344,-0.052734375,-0.10253906,0.0,-0.34375,0.125,0.0,0.0,0.0
1695634670118,-1.0068359,-0.044921875,-0.09667969,-0.3125,0.03125,-0.21875,-71.875,17.4375,-180.625
1695634670149,-0.99316406,-0.04296875,-0.1015625,0.0,-0.46875,0.0,0.0,0.0,0.0
1695634670179,-0.9980469,-0.049804688,-0.10546875,-0.1875,0.03125,-0.15625,0.0,0.0,0.0
1695634670238,-0.9970703,-0.044921875,-0.08300781,-0.0625,-0.34375,-0.28125,0.0,0.0,0.0
1695634670268,-0.9921875,-0.044921875,-0.11035156,-0.375,0.03125,-0.15625,0.0,0.0,0.0
1695634670299,-0.99902344,-0.049804688,-0.10644531,-0.0625,-0.09375,-0.09375,0.0,0.0,0.0
1695634670358,-1.0048828,-0.045898438,-0.099609375,-0.3125,-0.09375,0.0625,0.0,0.0,0.0
1695634670388,-0.9921875,-0.041992188,-0.103515625,0.125,-0.03125,-0.09375,0.0,0.0,0.0
1695634670418,-1.0,-0.049804688,-0.1015625,-0.375,0.21875,-0.15625,0.0,0.0,0.0
1695634670478,-1.0048828,-0.048828125,-0.10253906,0.375,-0.34375,-0.15625,0.0,0.0,0.0
1695634670507,-1.0068359,-0.046875,-0.09765625,-0.25,0.15625,0.0,0.0,0.0,0.0
1695634670538,-1.0,-0.044921875,-0.10253906,1.03125,0.21875,0.0625,0.0,0.0,0.0
1695634670600,-0.9941406,-0.045898438,-0.099609375,0.4375,0.09375,0.0625,-72.875,15.625,-180.9375
1695634670628,-1.0048828,-0.043945312,-0.10546875,0.5,0.15625,0.0,0.0,0.0,0.0
1695634670658,-0.99902344,-0.041992188,-0.09667969,0.5,-0.15625,-0.09375,0.0,0.0,0.0
1695634670719,-1.0,-0.043945312,-0.095703125,0.1875,0.03125,0.0,0.0,0.0,0.0
1695634670749,-0.99902344,-0.040039062,-0.09863281,0.3125,0.03125,0.0625,0.0,0.0,0.0
1695634670779,-0.99121094,-0.028320312,-0.10253906,-0.625,-0.34375,0.0,0.0,0.0,0.0
1695634670838,-0.99609375,-0.046875,-0.10253906,-0.5625,-0.09375,-0.09375,0.0,0.0,0.0
1695634670868,-1.0009766,-0.049804688,-0.087890625,-0.1875,0.09375,0.0,0.0,0.0,0.0
1695634670899,-1.0009766,-0.038085938,-0.10253906,0.0625,-0.03125,0.0625,0.0,0.0,0.0
1695634670960,-1.0048828,-0.037109375,-0.10839844,-0.1875,-0.15625,0.0,0.0,0.0,0.0
1695634670988,-0.99609375,-0.041992188,-0.09863281,-0.125,0.34375,-0.0625,0.0,0.0,0.0
1695634671018,-1.0009766,-0.041015625,-0.10058594,0.0,-0.28125,0.125,0.0,0.0,0.0
1695634671108,-1.0,-0.044921875,-0.09765625,-0.25,0.09375,0.0625,0.0,0.0,0.0
1695634671109,-0.99902344,-0.044921875,-0.11230469,0.65625,0.15625,0.0,-71.25,16.5625,-180.5
1695634671138,-0.9970703,-0.040039062,-0.09667969,-0.125,-0.09375,0.4375,0.0,0.0,0.0
1695634671199,-1.0009766,-0.044921875,-0.111328125,0.1875,0.40625,0.125,0.0,0.0,0.0
1695634671229,-0.9951172,-0.0390625,-0.1015625,0.1875,0.15625,0.3125,0.0,0.0,0.0
1695634671258,-0.9970703,-0.046875,-0.11230469,-0.3125,0.21875,-0.09375,0.0,0.0,0.0
1695634671318,-1.0068359,-0.044921875,-0.11035156,0.4375,0.21875,0.0625,0.0,0.0,0.0
1695634671350,-1.0009766,-0.036132812,-0.107421875,-0.3125,0.03125,0.125,0.0,0.0,0.0
1695634671379,-0.99902344,-0.03125,-0.10253906,-0.375,0.15625,0.0625,0.0,0.0,0.0
1695634671438,-0.99902344,-0.038085938,-0.11035156,0.0625,0.28125,0.125,0.0,0.0,0.0
1695634671468,-1.0048828,-0.044921875,-0.09277344,-0.1875,0.34375,0.0625,0.0,0.0,0.0
1695634671500,-1.0068359,-0.037109375,-0.10546875,-0.0625,-0.21875,-0.0625,0.0,0.0,0.0
1695634671557,-0.9970703,-0.046875,-0.1015625,-0.3125,0.21875,0.25,0.0,0.0,0.0
1695634671588,-0.9980469,-0.043945312,-0.099609375,0.0625,0.34375,-0.09375,0.0,0.0,0.0
1695634671618,-0.9970703,-0.0390625,-0.10644531,-0.0625,-0.28125,0.1875,-73.5,17.0,-180.8125
1695634671679,-1.0,-0.046875,-0.09472656,-0.0625,0.28125,0.0625,0.0,0.0,0.0
1695634671708,-1.0097656,-0.03515625,-0.10449219,0.25,0.21875,0.0,0.0,0.0,0.0
1695634671738,-0.99902344,-0.045898438,-0.1015625,-0.3125,-0.03125,0.1875,0.0,0.0,0.0
1695634671801,-0.9921875,-0.037109375,-0.10546875,0.125,0.28125,0.125,0.0,0.0,0.0
1695634671829,-0.9902344,-0.044921875,-0.107421875,-0.0625,0.09375,0.0,0.0,0.0,0.0
1695634671858,-1.0029297,-0.034179688,-0.12011719,-0.0625,0.21875,0.125,0.0,0.0,0.0
1695634671918,-1.0039062,-0.043945312,-0.107421875,0.0625,0.15625,0.125,0.0,0.0,0.0
1695634671950,-0.9921875,-0.045898438,-0.11035156,-0.1875,-0.09375,0.0625,0.0,0.0,0.0
1695634671979,-0.9980469,-0.044921875,-0.111328125,0.34375,0.34375,0.34375,0.0,0.0,0.0
1695634672038,-0.9951172,-0.041015625,-0.09765625,0.40625,0.09375,0.21875,0.0,0.0,0.0
1695634672068,-1.0039062,-0.037109375,-0.11035156,-0.15625,0.21875,0.09375,0.0,0.0,0.0
1695634672098,-1.0009766,-0.034179688,-0.08886719,0.09375,0.21875,0.15625,-73.5,18.0625,-179.4375
1695634672159,-0.9980469,-0.05078125,-0.119140625,-0.15625,0.09375,-0.03125,0.0,0.0,0.0
1695634672188,-0.99609375,-0.040039062,-0.11816406,0.21875,0.03125,0.15625,0.0,0.0,0.0
1695634672219,-0.98828125,-0.040039062,-0.11328125,0.46875,-0.03125,0.03125,0.0,0.0,0.0
1695634672279,-0.99902344,-0.043945312,-0.103515625,-0.21875,-0.09375,-0.03125,0.0,0.0,0.0
1695634672308,-0.99609375,-0.0390625,-0.099609375,-0.09375,-0.21875,0.03125,0.0,0.0,0.0
1695634672338,-1.0048828,-0.038085938,-0.11621094,-0.34375,-0.3125,-0.09375,0.0,0.0,0.0
1695634672399,-0.9921875,-0.028320312,-0.12011719,-0.46875,-0.3125,-0.15625,0.0,0.0,0.0
1695634672428,-0.9873047,-0.029296875,-0.10839844,-0.15625,-0.15625,-0.21875,0.0,0.0,0.0
1695634672459,-0.99609375,-0.0390625,-0.111328125,-0.40625,-0.375,-0.15625,0.0,0.0,0.0
1695634672518,-1.0039062,-0.041015625,-0.099609375,0.03125,-0.3125,-0.21875,0.0,0.0,0.0
1695634672549,-1.0048828,-0.041015625,-0.1171875,-0.21875,-0.09375,0.03125,0.0,0.0,0.0
1695634672579,-0.9941406,-0.047851562,-0.1015625,0.53125,-0.09375,0.09375,0.0,0.0,0.0
1695634672638,-0.99316406,-0.034179688,-0.10058594,0.03125,-0.3125,-0.15625,-73.1875,17.125,-179.625
1695634672668,-1.0048828,-0.036132812,-0.09375,0.34375,0.09375,-0.15625,0.0,0.0,0.0
1695634672698,-0.9941406,-0.032226562,-0.111328125,0.21875,-0.25,-0.15625,0.0,0.0,0.0
1695634672759,-0.99902344,-0.036132812,-0.11425781,0.53125,-0.15625,-0.15625,0.0,0.0,0.0
1695634672788,-0.9980469,-0.034179688,-0.09765625,0.46875,-0.21875,-0.21875,0.0,0.0,0.0
1695634672819,-1.0,-0.040039062,-0.11328125,0.09375,-0.25,-0.15625,0.0,0.0,0.0
1695634672878,-0.9941406,-0.041992188,-0.1015625,0.03125,-0.25,-0.15625,0.0,0.0,0.0
1695634672908,-1.0019531,-0.037109375,-0.099609375,-0.15625,-0.375,-0.28125,0.0,0.0,0.0
1695634672938,-1.0009766,-0.040039062,-0.12207031,-0.03125,-0.375,-0.34375,0.0,0.0,0.0
1695634672999,-0.9980469,-0.033203125,-0.111328125,-0.34375,-0.375,-0.21875,0.0,0.0,0.0
1695634673029,-0.9970703,-0.030273438,-0.10449219,-0.09375,-0.21875,-0.46875,0.0,0.0,0.0
1695634673058,-0.9980469,-0.0390625,-0.099609375,-0.21875,-0.625,-0.28125,0.0,0.0,0.0
1695634673119,-0.9980469,-0.036132812,-0.10644531,-0.34375,-0.09375,-0.34375,-73.5,18.0625,-180.8125
1695634673149,-1.0009766,-0.040039062,-0.09863281,0.53125,-0.03125,-0.09375,0.0,0.0,0.0
1695634673179,-1.0029297,-0.045898438,-0.12011719,-0.28125,-0.5625,-0.34375,0.0,0.0,0.0
1695634673330,-0.99609375,-0.034179688,-0.11328125,0.28125,-0.15625,-0.21875,0.0,0.0,0.0
1695634673332,-0.9970703,-0.032226562,-0.10058594,0.53125,-0.15625,-0.15625,0.0,0.0,0.0
1695634673335,-1.0048828,-0.03125,-0.11230469,-0.03125,-0.3125,-0.34375,0.0,0.0,0.0
1695634673389,-0.9970703,-0.043945312,-0.11816406,0.09375,-0.21875,-0.15625,0.0,0.0,0.0
1695634673390,-1.0009766,-0.037109375,-0.11230469,0.46875,-0.09375,-0.09375,0.0,0.0,0.0
1695634673419,-0.9970703,-0.040039062,-0.103515625,0.40625,-0.4375,-0.15625,0.0,0.0,0.0
1695634673479,-1.0048828,-0.032226562,-0.09765625,-0.40625,-0.375,-0.34375,0.0,0.0,0.0
1695634673508,-1.0,-0.032226562,-0.09667969,-0.46875,-0.21875,-0.28125,0.0,0.0,0.0
1695634673537,-1.0039062,-0.032226562,-0.09765625,0.03125,-0.3125,-0.15625,0.0,0.0,0.0
1695634673598,-0.99609375,-0.043945312,-0.111328125,-0.34375,-0.3125,-0.21875,0.0,0.0,0.0
1695634673628,-0.99316406,-0.030273438,-0.11328125,-0.15625,-0.375,-0.53125,-72.0,17.5625,-179.75
1695634673658,-1.0029297,-0.03515625,-0.11230469,-0.28125,-0.375,-0.21875,0.0,0.0,0.0
1695634673719,-1.0,-0.038085938,-0.11328125,0.21875,-0.25,-0.03125,0.0,0.0,0.0
1695634673749,-1.0009766,-0.030273438,-0.123046875,-0.15625,-0.3125,-0.15625,0.0,0.0,0.0
1695634673779,-1.0019531,-0.041015625,-0.1171875,-0.03125,-0.375,-0.53125,0.0,0.0,0.0
1695634673838,-0.9941406,-0.0390625,-0.11230469,0.28125,-0.5,-0.28125,0.0,0.0,0.0
1695634673868,-0.99609375,-0.0390625,-0.11230469,0.03125,-0.21875,-0.21875,0.0,0.0,0.0
1695634673900,-1.0,-0.038085938,-0.115234375,0.09375,-0.3125,-0.28125,0.0,0.0,0.0
1695634673958,-0.9921875,-0.040039062,-0.109375,0.40625,-0.375,-0.34375,0.0,0.0,0.0
1695634673988,-1.0019531,-0.034179688,-0.08691406,-0.03125,-0.3125,-0.09375,0.0,0.0,0.0
1695634674018,-0.99609375,-0.041992188,-0.11328125,-0.03125,-0.5,-0.34375,0.0,0.0,0.0
1695634674080,-1.0039062,-0.0390625,-0.11035156,-0.15625,-0.25,-0.28125,0.0,0.0,0.0
1695634674108,-0.9980469,-0.041992188,-0.10253906,-0.28125,-0.4375,-0.34375,-74.125,18.3125,-181.5625
1695634674138,-1.0019531,-0.041015625,-0.11230469,0.09375,-0.3125,-0.34375,0.0,0.0,0.0
1695634674199,-0.9941406,-0.036132812,-0.111328125,-0.03125,-0.625,-0.40625,0.0,0.0,0.0
1695634674228,-0.99902344,-0.030273438,-0.10253906,-0.5625,-0.5,-0.34375,0.0,0.0,0.0
1695634674258,-0.99609375,-0.04296875,-0.11035156,0.03125,-0.21875,-0.28125,0.0,0.0,0.0
1695634674318,-1.0039062,-0.034179688,-0.10058594,0.09375,-0.375,-0.34375,0.0,0.0,0.0
1695634674349,-0.99609375,-0.046875,-0.111328125,0.09375,-0.4375,-0.34375,0.0,0.0,0.0
1695634674379,-1.0048828,-0.03125,-0.10449219,0.15625,-0.21875,-0.34375,0.0,0.0,0.0
1695634674438,-0.99902344,-0.03515625,-0.11035156,0.34375,-0.5,-0.15625,0.0,0.0,0.0
1695634674469,-1.0048828,-0.041015625,-0.11035156,0.09375,-0.25,-0.34375,0.0,0.0,0.0
1695634674499,-1.0068359,-0.041015625,-0.10449219,0.21875,-0.4375,-0.28125,0.0,0.0,0.0
1695634674528,-1.0009766,-0.045898438,-0.11035156,-0.09375,-0.5625,-0.34375,0.0,0.0,0.0
1695634674588,-1.0009766,-0.044921875,-0.11035156,0.15625,-0.3125,-0.40625,0.0,0.0,0.0
1695634674619,-0.99902344,-0.041015625,-0.11035156,-0.03125,-0.4375,-0.28125,-73.5,15.5,-181.25
1695634674649,-0.99609375,-0.045898438,-0.09863281,0.34375,-0.21875,-0.28125,0.0,0.0,0.0
1695634674708,-1.0029297,-0.033203125,-0.11621094,0.28125,-0.21875,-0.03125,0.0,0.0,0.0
1695634674738,-1.0029297,-0.040039062,-0.10058594,0.15625,-0.25,-0.34375,0.0,0.0,0.0
1695634674769,-0.9941406,-0.045898438,-0.10644531,-0.15625,-0.4375,-0.15625,0.0,0.0,0.0
1695634674828,-1.0039062,-0.0390625,-0.11230469,0.03125,0.03125,-0.21875,0.0,0.0,0.0
1695634674859,-0.99902344,-0.041992188,-0.115234375,-0.03125,-0.3125,-0.09375,0.0,0.0,0.0
1695634674918,-1.0009766,-0.041015625,-0.09277344,-0.21875,-0.25,-0.34375,0.0,0.0,0.0
1695634674948,-0.99902344,-0.046875,-0.107421875,0.15625,0.21875,-0.40625,0.0,0.0,0.0
1695634674979,-0.9951172,-0.037109375,-0.12109375,0.09375,-0.4375,-0.15625,0.0,0.0,0.0
1695634675008,-0.9980469,-0.033203125,-0.111328125,0.34375,-0.21875,0.09375,0.0,0.0,0.0
1695634675068,-0.9970703,-0.045898438,-0.123046875,-0.15625,-0.21875,-0.21875,0.0,0.0,0.0
1695634675099,-1.0009766,-0.0390625,-0.103515625,-0.15625,-0.5625,-0.21875,-73.0625,15.1875,-181.5625
1695634675128,-0.9970703,-0.046875,-0.10839844,-0.5625,-0.15625,-0.09375,0.0,0.0,0.0
1695634675188,-1.0039062,-0.047851562,-0.11816406,0.28125,-0.09375,-0.34375,0.0,0.0,0.0
1695634675219,-1.0009766,-0.036132812,-0.115234375,0.03125,-0.5,-0.15625,0.0,0.0,0.0
1695634675250,-1.0058594,-0.034179688,-0.11035156,-0.03125,0.09375,0.03125,0.0,0.0,0.0
1695634675308,-0.9970703,-0.040039062,-0.11230469,-0.21875,-0.4375,-0.21875,0.0,0.0,0.0
1695634675338,-0.9824219,-0.037109375,-0.11621094,-0.15625,-0.375,-0.28125,0.0,0.0,0.0
1695634675368,-0.9980469,-0.037109375,-0.103515625,-0.21875,0.03125,-0.15625,0.0,0.0,0.0
1695634675428,-0.99609375,-0.045898438,-0.11621094,0.21875,-0.375,-0.15625,0.0,0.0,0.0
1695634675458,-1.0009766,-0.036132812,-0.111328125,-0.03125,-0.21875,0.03125,0.0,0.0,0.0
1695634675488,-0.99316406,-0.040039062,-0.11035156,0.09375,-0.21875,-0.21875,0.0,0.0,0.0
1695634675551,-1.0,-0.036132812,-0.11328125,0.09375,-0.09375,-0.34375,0.0,0.0,0.0
1695634675578,-1.0029297,-0.036132812,-0.12402344,0.15625,-0.21875,0.03125,0.0,0.0,0.0
1695634675609,-1.0009766,-0.040039062,-0.11328125,0.09375,-0.03125,-0.09375,-73.0625,15.8125,-179.4375
1695634675669,-0.99902344,-0.040039062,-0.10839844,0.09375,-0.21875,-0.15625,0.0,0.0,0.0
1695634675698,-1.0039062,-0.033203125,-0.09863281,-0.09375,-0.375,0.03125,0.0,0.0,0.0
1695634675729,-0.9951172,-0.03515625,-0.10644531,-0.21875,-0.4375,-0.21875,0.0,0.0,0.0
1695634675787,-1.0,-0.041015625,-0.099609375,-0.21875,-0.09375,0.03125,0.0,0.0,0.0
1695634675819,-0.9892578,-0.044921875,-0.10253906,0.03125,-0.03125,-0.21875,0.0,0.0,0.0
1695634675849,-0.9921875,-0.033203125,-0.099609375,-0.15625,-0.4375,-0.09375,0.0,0.0,0.0
1695634675908,-1.0048828,-0.048828125,-0.115234375,-0.34375,0.125,-0.125,0.0,0.0,0.0
1695634675938,-1.0039062,-0.041992188,-0.11230469,0.21875,0.1875,0.0,0.0,0.0,0.0
1695634675969,-1.0048828,-0.036132812,-0.10449219,0.09375,-0.125,0.25,0.0,0.0,0.0
1695634676028,-1.0029297,-0.034179688,-0.11035156,-0.34375,0.0,0.0,0.0,0.0,0.0
1695634676059,-1.0039062,-0.03515625,-0.09863281,0.53125,0.1875,-0.0625,0.0,0.0,0.0
1695634676088,-0.9951172,-0.025390625,-0.11230469,0.09375,0.0625,-0.1875,-73.0625,16.5625,-181.25
1695634676149,-0.9970703,-0.028320312,-0.12109375,0.15625,0.0,0.125,0.0,0.0,0.0
1695634676179,-1.0029297,-0.037109375,-0.12011719,0.34375,-0.125,0.125,0.0,0.0,0.0
1695634676209,-0.99902344,-0.038085938,-0.095703125,0.09375,0.0,0.125,0.0,0.0,0.0
1695634676268,-0.99902344,-0.03515625,-0.107421875,0.53125,-0.25,0.0625,0.0,0.0,0.0
1695634676299,-0.9970703,-0.036132812,-0.11035156,-0.34375,-0.3125,-0.125,0.0,0.0,0.0
1695634676328,-0.9892578,-0.0390625,-0.11816406,-0.34375,-0.375,-0.25,0.0,0.0,0.0
1695634676387,-0.99609375,-0.025390625,-0.09863281,-0.09375,-0.375,-0.0625,0.0,0.0,0.0
1695634676418,-1.0009766,-0.038085938,-0.103515625,-0.53125,0.0,-0.125,0.0,0.0,0.0
1695634676448,-1.0039062,-0.04296875,-0.109375,-0.28125,-0.4375,-0.0625,0.0,0.0,0.0
1695634676508,-0.98828125,-0.029296875,-0.10644531,-0.03125,-0.1875,-0.125,0.0,0.0,0.0
1695634676538,-0.9980469,-0.036132812,-0.11621094,-0.46875,-0.3125,-0.25,0.0,0.0,0.0
1695634676569,-0.9970703,-0.037109375,-0.111328125,-0.03125,-0.25,0.0,0.0,0.0,0.0
1695634676628,-1.0048828,-0.037109375,-0.099609375,0.15625,0.0625,-0.1875,-72.875,16.0625,-180.625
1695634676658,-0.9980469,-0.040039062,-0.111328125,0.28125,-0.3125,0.0625,0.0,0.0,0.0
1695634676687,-0.98828125,-0.041015625,-0.11425781,0.34375,0.3125,-0.0625,0.0,0.0,0.0
1695634676749,-0.9970703,-0.037109375,-0.11230469,0.53125,-0.125,0.125,0.0,0.0,0.0
1695634676779,-0.9941406,-0.036132812,-0.10253906,0.53125,-0.3125,-0.125,0.0,0.0,0.0
1695634676808,-1.0039062,-0.033203125,-0.10449219,0.15625,0.25,0.0625,0.0,0.0,0.0
1695634676869,-1.0058594,-0.03515625,-0.11230469,0.46875,-0.1875,0.0625,0.0,0.0,0.0
1695634676898,-0.99121094,-0.041992188,-0.111328125,-0.53125,0.0625,-0.125,0.0,0.0,0.0
1695634676929,-1.0009766,-0.02734375,-0.107421875,0.09375,-0.1875,-0.0625,0.0,0.0,0.0
1695634676988,-0.99609375,-0.0390625,-0.10644531,-0.46875,-0.25,-0.1875,0.0,0.0,0.0
1695634677020,-0.9970703,-0.043945312,-0.10839844,-0.40625,0.0625,-0.0625,0.0,0.0,0.0
1695634677049,-1.0058594,-0.04296875,-0.09765625,0.09375,0.0,0.0,0.0,0.0,0.0
1695634677108,-0.9980469,-0.041015625,-0.1171875,-0.6875,-0.3125,-0.1875,-74.5625,16.5625,-180.5
1695634677138,-1.0039062,-0.041015625,-0.1171875,0.34375,0.125,-0.1875,0.0,0.0,0.0
1695634677200,-0.9970703,-0.03515625,-0.11621094,0.09375,0.0625,0.1875,0.0,0.0,0.0
1695634677228,-1.0,-0.038085938,-0.10253906,-0.03125,-0.125,0.0,0.0,0.0,0.0
1695634677258,-0.9951172,-0.041015625,-0.10644531,0.28125,0.1875,-0.25,0.0,0.0,0.0
1695634677288,-1.0039062,-0.03515625,-0.107421875,0.46875,-0.0625,0.0,0.0,0.0,0.0
1695634677350,-0.9970703,-0.036132812,-0.10839844,0.34375,-0.1875,0.0625,0.0,0.0,0.0
1695634677378,-1.0039062,-0.05078125,-0.11621094,0.15625,0.1875,-0.0625,0.0,0.0,0.0
1695634677408,-1.0039062,-0.034179688,-0.11035156,0.40625,-0.0625,0.0,0.0,0.0,0.0
1695634677470,-1.0009766,-0.036132812,-0.111328125,-0.09375,-0.25,-0.0625,0.0,0.0,0.0
1695634677499,-0.99902344,-0.032226562,-0.12011719,0.09375,-0.1875,-0.125,0.0,0.0,0.0
1695634677529,-0.9970703,-0.032226562,-0.11425781,-0.59375,-0.25,-0.0625,0.0,0.0,0.0
1695634677588,-1.0009766,-0.05078125,-0.11425781,-0.21875,-0.4375,0.1875,0.0,0.0,0.0
1695634677620,-1.0029297,-0.047851562,-0.11035156,0.21875,0.0,-0.25,-72.875,16.0625,-180.9375
1695634677649,-0.9921875,-0.041992188,-0.09863281,-0.46875,-0.375,-0.0625,0.0,0.0,0.0
1695634677708,-1.0078125,-0.04296875,-0.10839844,-0.15625,0.0,-0.0625,0.0,0.0,0.0
1695634677737,-0.99902344,-0.047851562,-0.09765625,0.40625,-0.0625,-0.0625,0.0,0.0,0.0
1695634677768,-1.0048828,-0.032226562,-0.10839844,-0.15625,0.0,-0.125,0.0,0.0,0.0
1695634677828,-0.9970703,-0.03515625,-0.10644531,0.34375,-0.0625,-0.125,0.0,0.0,0.0
1695634677858,-1.0,-0.041992188,-0.11425781,0.21875,-0.0625,-0.1875,0.0,0.0,0.0
1695634677888,-1.0068359,-0.029296875,-0.09863281,0.46875,-0.0625,0.0,0.0,0.0,0.0
1695634677950,-1.0019531,-0.030273438,-0.10546875,0.21875,0.0,0.0,0.0,0.0,0.0
1695634677979,-1.0009766,-0.032226562,-0.10449219,0.03125,-0.0625,0.0625,0.0,0.0,0.0
1695634678008,-1.0048828,-0.038085938,-0.11035156,0.34375,-0.125,-0.0625,0.0,0.0,0.0
1695634678070,-0.99902344,-0.036132812,-0.11230469,-0.03125,-0.375,-0.25,0.0,0.0,0.0
1695634678099,-0.9892578,-0.041992188,-0.107421875,-0.21875,0.0625,-0.1875,-74.125,16.5625,-180.8125
1695634678128,-0.9951172,-0.030273438,-0.111328125,0.03125,-0.3125,-0.3125,0.0,0.0,0.0
1695634678188,-0.9902344,-0.032226562,-0.107421875,-0.6875,-0.5,-0.375,0.0,0.0,0.0
1695634678219,-1.0058594,-0.038085938,-0.11328125,-0.28125,-0.1875,-0.1875,0.0,0.0,0.0
1695634678249,-0.9980469,-0.0390625,-0.10253906,-0.53125,-0.5,-0.3125,0.0,0.0,0.0
1695634678308,-1.0029297,-0.045898438,-0.1015625,-0.21875,-0.4375,0.0,0.0,0.0,0.0
1695634678338,-1.0048828,-0.03515625,-0.103515625,-0.03125,0.0,-0.25,0.0,0.0,0.0
1695634678368,-1.0058594,-0.044921875,-0.119140625,0.09375,-0.125,-0.25,0.0,0.0,0.0
1695634678429,-1.0009766,-0.037109375,-0.10253906,-0.21875,-0.1875,-0.3125,0.0,0.0,0.0
1695634678457,-1.0019531,-0.038085938,-0.107421875,0.9375,0.125,-0.25,0.0,0.0,0.0
1695634678488,-0.9970703,-0.02734375,-0.107421875,0.15625,-0.3125,0.0625,0.0,0.0,0.0
1695634678547,-1.0009766,-0.036132812,-0.109375,0.15625,0.3125,0.03125,0.0,0.0,0.0
1695634678579,-0.99609375,-0.041015625,-0.11035156,0.84375,0.1875,0.03125,0.0,0.0,0.0
1695634678608,-0.9970703,-0.04296875,-0.11035156,-0.34375,-0.1875,-0.09375,-73.1875,17.125,-179.625
1695634678669,-0.99609375,-0.03125,-0.107421875,0.09375,-0.0625,0.03125,0.0,0.0,0.0
1695634678698,-1.0009766,-0.0390625,-0.11816406,-0.5625,-0.1875,-0.40625,0.0,0.0,0.0
1695634678728,-0.9951172,-0.036132812,-0.10253906,-1.0,-0.3125,-0.28125,0.0,0.0,0.0
1695634678788,-0.9921875,-0.040039062,-0.099609375,-0.34375,-0.1875,-0.09375,0.0,0.0,0.0
1695634678820,-1.0068359,-0.041015625,-0.103515625,-0.15625,-0.125,-0.28125,0.0,0.0,0.0
1695634678848,-0.9951172,-0.040039062,-0.11328125,-0.4375,-0.375,0.03125,0.0,0.0,0.0
1695634678908,-0.99609375,-0.045898438,-0.109375,-0.03125,0.1875,-0.21875,0.0,0.0,0.0
1695634678938,-0.99609375,-0.038085938,-0.11230469,-0.09375,-0.1875,-0.15625,0.0,0.0,0.0
1695634678970,-0.9970703,-0.033203125,-0.10839844,-0.15625,-0.125,0.03125,0.0,0.0,0.0
1695634679028,-1.0,-0.041015625,-0.1015625,-0.03125,0.375,-0.09375,0.0,0.0,0.0
1695634679059,-1.0029297,-0.043945312,-0.119140625,0.40625,-0.3125,0.09375,0.0,0.0,0.0
1695634679088,-0.99902344,-0.0390625,-0.12011719,-0.15625,0.3125,-0.09375,-73.1875,15.625,-181.6875
1695634679149,-0.9980469,-0.040039062,-0.11035156,0.78125,0.25,-0.09375,0.0,0.0,0.0
1695634679179,-0.9951172,-0.02734375,-0.11425781,-0.15625,-0.3125,0.03125,0.0,0.0,0.0
1695634679208,-0.9921875,-0.03515625,-0.10449219,-0.4375,0.125,0.21875,0.0,0.0,0.0
1695634679270,-1.0,-0.040039062,-0.10253906,0.46875,0.0625,-0.09375,0.0,0.0,0.0
1695634679299,-0.99902344,-0.040039062,-0.115234375,-0.625,-0.25,-0.09375,0.0,0.0,0.0
1695634679328,-0.9980469,-0.041015625,-0.10839844,-0.03125,0.25,0.03125,0.0,0.0,0.0
1695634679388,-1.0039062,-0.045898438,-0.11425781,-0.375,0.0625,-0.03125,0.0,0.0,0.0
1695634679420,-1.0,-0.037109375,-0.09375,-0.8125,-0.3125,-0.09375,0.0,0.0,0.0
1695634679478,-0.99902344,-0.041992188,-0.103515625,0.03125,0.25,0.09375,0.0,0.0,0.0
1695634679508,-1.0078125,-0.044921875,-0.10253906,-0.4375,-0.25,-0.09375,0.0,0.0,0.0
1695634679538,-1.0,-0.041992188,-0.10644531,-0.21875,0.125,0.09375,0.0,0.0,0.0
1695634679569,-0.99902344,-0.045898438,-0.099609375,0.15625,-0.0625,-0.15625,0.0,0.0,0.0
1695634679629,-0.9921875,-0.038085938,-0.11621094,-0.28125,-0.0625,-0.09375,-74.125,16.5625,-181.25
1695634679658,-1.0,-0.041015625,-0.09667969,0.34375,0.0,0.21875,0.0,0.0,0.0
1695634679688,-0.99902344,-0.034179688,-0.09863281,0.21875,-0.0625,0.09375,0.0,0.0,0.0
1695634679748,-0.9941406,-0.038085938,-0.099609375,0.03125,0.1875,0.28125,0.0,0.0,0.0
1695634679779,-0.9951172,-0.043945312,-0.10546875,0.59375,0.3125,-0.03125,0.0,0.0,0.0
1695634679808,-0.9921875,-0.041015625,-0.09765625,-0.09375,-0.25,0.15625,0.0,0.0,0.0
1695634679871,-1.0039062,-0.040039062,-0.10644531,-0.28125,0.25,0.09375,0.0,0.0,0.0
1695634679899,-0.99609375,-0.041992188,-0.10839844,0.34375,0.3125,0.03125,0.0,0.0,0.0
1695634679928,-0.99902344,-0.033203125,-0.11621094,-0.34375,0.1875,0.28125,0.0,0.0,0.0
1695634679989,-1.0078125,-0.038085938,-0.09863281,0.03125,0.125,0.15625,0.0,0.0,0.0
1695634680018,-1.0,-0.044921875,-0.11621094,-0.75,0.0,0.09375,0.0,0.0,0.0
1695634680049,-0.99609375,-0.03515625,-0.11328125,-0.28125,0.25,0.21875,0.0,0.0,0.0
1695634680108,-1.0039062,-0.038085938,-0.10546875,0.34375,0.4375,0.34375,-73.8125,15.8125,-179.4375
1695634680138,-1.0039062,-0.041015625,-0.11425781,-0.625,0.0625,-0.09375,0.0,0.0,0.0
1695634680169,-0.9951172,-0.029296875,-0.115234375,0.03125,0.1875,0.21875,0.0,0.0,0.0
1695634680228,-1.0068359,-0.038085938,-0.115234375,0.15625,0.4375,0.15625,0.0,0.0,0.0
1695634680258,-1.0078125,-0.036132812,-0.10839844,-0.28125,0.0625,0.09375,0.0,0.0,0.0
1695634680288,-0.99609375,-0.037109375,-0.103515625,-0.09375,0.0625,0.03125,0.0,0.0,0.0
1695634680348,-1.0048828,-0.037109375,-0.103515625,0.21875,0.125,0.21875,0.0,0.0,0.0
1695634680379,-1.0019531,-0.036132812,-0.103515625,0.15625,0.375,0.03125,0.0,0.0,0.0
1695634680408,-1.0029297,-0.038085938,-0.10839844,-0.28125,-0.25,0.09375,0.0,0.0,0.0
1695634680471,-1.0009766,-0.041992188,-0.091796875,-0.34375,0.125,0.09375,0.0,0.0,0.0
1695634680499,-1.0048828,-0.030273438,-0.10058594,-0.15625,0.125,-0.03125,0.0,0.0,0.0
1695634680529,-1.0009766,-0.030273438,-0.103515625,-0.375,0.0,0.15625,0.0,0.0,0.0
1695634680588,-1.0048828,-0.046875,-0.10449219,-0.5625,0.0625,0.15625,0.0,0.0,0.0
1695634680620,-1.0048828,-0.048828125,-0.10839844,0.21875,0.125,-0.03125,-72.125,16.6875,-180.375
1695634680649,-1.0068359,-0.041015625,-0.10839844,-0.4375,0.25,-0.03125,0.0,0.0,0.0
1695634680708,-0.99902344,-0.041015625,-0.10546875,-0.34375,-0.0625,0.09375,0.0,0.0,0.0
1695634680739,-0.9921875,-0.041992188,-0.10546875,0.03125,0.0,0.03125,0.0,0.0,0.0
1695634680769,-1.0,-0.041992188,-0.103515625,0.90625,0.25,0.03125,0.0,0.0,0.0
1695634680829,-0.9970703,-0.040039062,-0.11816406,0.21875,0.0,0.21875,0.0,0.0,0.0
1695634680858,-0.9970703,-0.044921875,-0.09765625,-0.28125,0.0625,0.28125,0.0,0.0,0.0
1695634680888,-1.0058594,-0.045898438,-0.111328125,1.0625,0.0625,0.21875,0.0,0.0,0.0
1695634680949,-1.0087891,-0.0390625,-0.08984375,-0.4375,0.0625,0.09375,0.0,0.0,0.0
1695634680979,-1.0048828,-0.043945312,-0.11035156,-0.09375,-0.0625,0.03125,0.0,0.0,0.0
1695634681008,-1.0,-0.034179688,-0.10058594,-0.15625,0.0625,-0.09375,0.0,0.0,0.0
1695634681067,-1.0048828,-0.037109375,-0.10253906,0.03125,0.0,-0.09375,0.0,0.0,0.0
1695634681099,-0.9980469,-0.041015625,-0.107421875,-0.625,-0.0625,0.03125,-72.75,15.1875,-180.8125
1695634681129,-1.0029297,-0.040039062,-0.11621094,-0.15625,-0.25,-0.03125,0.0,0.0,0.0
1695634681188,-1.0029297,-0.0390625,-0.10449219,-0.28125,-0.125,-0.03125,0.0,0.0,0.0
1695634681220,-0.9970703,-0.036132812,-0.111328125,-0.5625,-0.0625,0.09375,0.0,0.0,0.0
1695634681248,-0.9980469,-0.041992188,-0.10546875,0.34375,-0.125,0.09375,0.0,0.0,0.0
1695634681308,-1.0029297,-0.049804688,-0.10644531,-0.28125,0.0625,-0.09375,0.0,0.0,0.0
1695634681339,-1.0058594,-0.033203125,-0.103515625,0.21875,0.0625,0.03125,0.0,0.0,0.0
1695634681369,-0.9980469,-0.041015625,-0.119140625,-0.15625,0.125,0.15625,0.0,0.0,0.0
1695634681428,-0.99609375,-0.045898438,-0.10449219,0.34375,0.0625,0.21875,0.0,0.0,0.0
1695634681458,-1.0039062,-0.041015625,-0.10546875,0.09375,0.125,0.03125,0.0,0.0,0.0
1695634681488,-1.0039062,-0.045898438,-0.11425781,-0.28125,0.1875,0.09375,0.0,0.0,0.0
1695634681520,-0.9970703,-0.044921875,-0.10058594,0.21875,0.25,-0.03125,0.0,0.0,0.0
1695634681579,-0.9970703,-0.041992188,-0.095703125,-0.21875,-0.1875,0.03125,0.0,0.0,0.0
1695634681608,-1.0048828,-0.024414062,-0.10058594,-0.28125,0.25,0.09375,-74.125,16.5625,-180.8125
1695634681639,-1.0009766,-0.043945312,-0.1015625,-0.4375,-0.125,0.03125,0.0,0.0,0.0
1695634681699,-0.9941406,-0.041992188,-0.10449219,-0.625,-0.0625,0.03125,0.0,0.0,0.0
1695634681758,-1.0058594,-0.043945312,-0.109375,-0.21875,0.25,-0.09375,0.0,0.0,0.0
1695634681760,-0.99609375,-0.041992188,-0.10449219,-0.15625,0.0,0.09375,0.0,0.0,0.0
1695634681820,-1.0107422,-0.041992188,-0.095703125,-0.375,0.0,0.15625,0.0,0.0,0.0
1695634681849,-0.9970703,-0.047851562,-0.10058594,-0.03125,0.3125,0.03125,0.0,0.0,0.0
1695634681879,-1.0146484,-0.044921875,-0.107421875,-0.34375,0.0625,0.09375,0.0,0.0,0.0
1695634681938,-0.9941406,-0.049804688,-0.099609375,0.03125,0.1875,0.15625,0.0,0.0,0.0
1695634681970,-0.99902344,-0.052734375,-0.091796875,0.21875,0.4375,0.15625,0.0,0.0,0.0
1695634681999,-1.0078125,-0.037109375,-0.1015625,-0.21875,0.1875,0.28125,0.0,0.0,0.0
1695634682058,-1.0068359,-0.044921875,-0.1015625,0.28125,0.1875,0.21875,0.0,0.0,0.0
1695634682089,-1.0068359,-0.043945312,-0.1171875,-0.15625,0.25,-0.03125,-74.125,16.5625,-180.5
1695634682118,-0.99902344,-0.03515625,-0.11425781,-0.15625,0.0625,0.28125,0.0,0.0,0.0
1695634682178,-1.0009766,-0.037109375,-0.10546875,-0.28125,0.125,0.21875,0.0,0.0,0.0
1695634682208,-0.99609375,-0.041015625,-0.107421875,-0.34375,0.0,-0.09375,0.0,0.0,0.0
1695634682238,-1.0,-0.041015625,-0.10839844,-0.4375,0.0625,0.03125,0.0,0.0,0.0
1695634682298,-0.9970703,-0.041015625,-0.10058594,-0.375,0.25,0.15625,0.0,0.0,0.0
1695634682330,-1.0029297,-0.046875,-0.11035156,0.15625,0.1875,0.15625,0.0,0.0,0.0
1695634682358,-0.99902344,-0.044921875,-0.10546875,-0.5,-0.25,0.09375,0.0,0.0,0.0
1695634682418,-1.0009766,-0.049804688,-0.10253906,0.03125,0.5,0.15625,0.0,0.0,0.0
1695634682448,-1.0,-0.041015625,-0.09765625,0.40625,0.0,-0.3125,0.0,0.0,0.0
1695634682508,-0.99609375,-0.038085938,-0.1015625,-0.21875,-0.125,0.0,0.0,0.0,0.0
1695634682539,-0.9970703,-0.048828125,-0.10546875,0.46875,0.125,0.0,0.0,0.0,0.0
1695634682571,-1.0048828,-0.041015625,-0.095703125,0.53125,-0.125,-0.0625,0.0,0.0,0.0
1695634682599,-0.9921875,-0.041992188,-0.10058594,-0.34375,0.0,0.1875,-72.875,16.375,-182.0
1695634682658,-1.0019531,-0.044921875,-0.09375,0.28125,0.125,-0.125,0.0,0.0,0.0
1695634682689,-0.9941406,-0.0390625,-0.123046875,-0.21875,-0.65625,0.0,0.0,0.0,0.0
1695634682720,-1.0019531,-0.03515625,-0.115234375,-0.09375,0.125,-0.125,0.0,0.0,0.0
1695634682778,-0.99316406,-0.03515625,-0.11621094,0.03125,-0.1875,-0.0625,0.0,0.0,0.0
1695634682809,-0.99902344,-0.043945312,-0.11230469,-0.65625,-0.375,-0.0625,0.0,0.0,0.0
1695634682838,-0.99902344,-0.047851562,-0.09863281,-0.15625,0.0,0.0625,0.0,0.0,0.0
1695634682898,-0.9970703,-0.052734375,-0.111328125,-0.03125,-0.125,0.0625,0.0,0.0,0.0
1695634682928,-1.0039062,-0.04296875,-0.10058594,-0.21875,-0.3125,-0.1875,0.0,0.0,0.0
1695634682958,-1.0039062,-0.046875,-0.10449219,0.03125,0.125,0.0,0.0,0.0,0.0
1695634683018,-0.9980469,-0.036132812,-0.087890625,-0.03125,-0.0625,-0.3125,0.0,0.0,0.0
1695634683049,-0.9970703,-0.040039062,-0.099609375,0.09375,0.0625,0.1875,0.0,0.0,0.0
1695634683108,-1.0029297,-0.04296875,-0.10058594,0.75,0.0625,0.1875,-73.8125,15.8125,-182.125
1695634683138,-1.0009766,-0.040039062,-0.1015625,-0.40625,-0.3125,-0.0625,0.0,0.0,0.0
1695634683169,-1.0068359,-0.045898438,-0.107421875,0.53125,0.1875,0.0,0.0,0.0,0.0
1695634683198,-1.0,-0.0390625,-0.10449219,-0.21875,0.0625,0.0,0.0,0.0,0.0
1695634683258,-1.0009766,-0.032226562,-0.103515625,0.03125,-0.375,0.0,0.0,0.0,0.0
1695634683288,-0.9951172,-0.046875,-0.103515625,-0.09375,0.0,0.1875,0.0,0.0,0.0
1695634683321,-1.0048828,-0.043945312,-0.11328125,-0.21875,0.0,-0.25,0.0,0.0,0.0
1695634683380,-1.0009766,-0.041015625,-0.107421875,-0.40625,-0.0625,0.0,0.0,0.0,0.0
1695634683409,-1.0009766,-0.044921875,-0.11328125,0.09375,0.0625,0.0625,0.0,0.0,0.0
1695634683438,-0.99121094,-0.045898438,-0.10253906,-0.03125,-0.125,0.0,0.0,0.0,0.0
1695634683500,-0.9951172,-0.036132812,-0.103515625,0.28125,0.0,-0.0625,0.0,0.0,0.0
1695634683528,-1.0,-0.041992188,-0.10449219,-0.34375,-0.1875,-0.0625,0.0,0.0,0.0
1695634683558,-1.0048828,-0.052734375,-0.103515625,0.09375,0.0625,0.0,0.0,0.0,0.0
1695634683620,-0.9980469,-0.041992188,-0.10449219,0.09375,0.0625,-0.3125,-72.875,17.4375,-180.375
1695634683648,-0.9980469,-0.044921875,-0.09765625,-0.21875,-0.0625,0.1875,0.0,0.0,0.0
1695634683678,-0.9941406,-0.043945312,-0.11035156,0.28125,-0.1875,0.125,0.0,0.0,0.0
1695634683739,-1.0039062,-0.05078125,-0.09375,-0.28125,0.125,-0.0625,0.0,0.0,0.0
1695634683768,-1.0058594,-0.041015625,-0.09472656,0.09375,-0.0625,-0.0625,0.0,0.0,0.0
1695634683799,-0.9941406,-0.048828125,-0.09765625,0.03125,0.0625,0.0,0.0,0.0,0.0
1695634683858,-0.9970703,-0.03515625,-0.09472656,0.21875,0.0,0.0625,0.0,0.0,0.0
1695634683888,-1.0009766,-0.045898438,-0.10839844,0.09375,0.25,0.0,0.0,0.0,0.0
1695634683920,-1.0048828,-0.043945312,-0.09765625,-0.09375,-0.25,-0.125,0.0,0.0,0.0
1695634683979,-0.9951172,-0.04296875,-0.099609375,-0.46875,0.1875,0.0,0.0,0.0,0.0
1695634684039,-0.9951172,-0.04296875,-0.09082031,0.15625,0.125,-0.0625,0.0,0.0,0.0
1695634684041,-1.0058594,-0.040039062,-0.09472656,0.15625,-0.0625,0.1875,0.0,0.0,0.0
1695634684099,-0.99609375,-0.043945312,-0.107421875,0.28125,0.1875,-0.0625,-73.9375,16.0625,-181.375
1695634684128,-0.99902344,-0.043945312,-0.091796875,0.5625,0.125,0.0,0.0,0.0,0.0
1695634684158,-0.9980469,-0.041015625,-0.10058594,0.40625,0.0,0.0,0.0,0.0,0.0
1695634684221,-0.99902344,-0.045898438,-0.09667969,-0.09375,-0.0625,0.1875,0.0,0.0,0.0
1695634684248,-0.9980469,-0.041992188,-0.099609375,0.40625,-0.0625,0.0,0.0,0.0,0.0
1695634684279,-0.9951172,-0.0390625,-0.09863281,0.03125,-0.1875,0.0,0.0,0.0,0.0
1695634684339,-0.9970703,-0.038085938,-0.09277344,-0.40625,-0.25,-0.125,0.0,0.0,0.0
1695634684369,-0.9970703,-0.043945312,-0.10058594,-0.03125,-0.0625,0.0,0.0,0.0,0.0
1695634684399,-0.99121094,-0.052734375,-0.10449219,0.09375,-0.3125,0.0,0.0,0.0,0.0
1695634684458,-0.9980469,-0.041015625,-0.1015625,-0.28125,-0.125,-0.0625,0.0,0.0,0.0
1695634684520,-1.0,-0.047851562,-0.099609375,-0.15625,-0.0625,0.0,0.0,0.0,0.0
1695634684521,-1.0019531,-0.041992188,-0.09472656,0.34375,-0.5625,-0.125,0.0,0.0,0.0
1695634684578,-0.99121094,-0.052734375,-0.09472656,-0.40625,0.0625,0.0,0.0,0.0,0.0
1695634684608,-0.9970703,-0.052734375,-0.09863281,0.40625,0.0625,0.0625,-73.1875,15.625,-180.9375
1695634684639,-1.0,-0.046875,-0.09472656,0.34375,-0.1875,-0.0625,0.0,0.0,0.0
1695634684699,-1.0058594,-0.041015625,-0.09375,-0.34375,0.125,-0.1875,0.0,0.0,0.0
1695634684727,-1.0039062,-0.045898438,-0.10253906,0.5625,0.0625,0.0,0.0,0.0,0.0
1695634684788,-1.0058594,-0.045898438,-0.09667969,-0.15625,-0.0625,0.0,0.0,0.0,0.0
1695634684819,-1.0,-0.0546875,-0.103515625,0.03125,0.0,-0.0625,0.0,0.0,0.0
1695634684849,-1.0,-0.049804688,-0.111328125,0.03125,0.0,0.0625,0.0,0.0,0.0
1695634684879,-0.99316406,-0.043945312,-0.10058594,-0.15625,-0.1875,0.1875,0.0,0.0,0.0
1695634684939,-1.0029297,-0.043945312,-0.10253906,0.09375,0.1875,0.125,0.0,0.0,0.0
1695634684969,-0.9951172,-0.036132812,-0.10839844,-0.15625,-0.1875,-0.0625,0.0,0.0,0.0
1695634684998,-0.9970703,-0.05078125,-0.1015625,-0.15625,-0.0625,0.1875,0.0,0.0,0.0
1695634685058,-0.9902344,-0.038085938,-0.10839844,0.03125,0.25,-0.0625,0.0,0.0,0.0
1695634685089,-1.0009766,-0.040039062,-0.09765625,0.03125,-0.0625,0.1875,-72.625,16.0625,-180.625
1695634685118,-0.9951172,-0.049804688,-0.10449219,-0.21875,-0.125,0.125,0.0,0.0,0.0
1695634685178,-1.0029297,-0.040039062,-0.087890625,0.34375,0.1875,0.125,0.0,0.0,0.0
1695634685208,-0.9980469,-0.038085938,-0.11035156,0.34375,0.125,0.0625,0.0,0.0,0.0
1695634685239,-0.9941406,-0.040039062,-0.095703125,-0.34375,-0.125,0.0625,0.0,0.0,0.0
1695634685298,-0.9941406,-0.0390625,-0.10253906,0.15625,0.375,0.0625,0.0,0.0,0.0
1695634685328,-1.0048828,-0.045898438,-0.11328125,0.03125,0.0,0.125,0.0,0.0,0.0
1695634685358,-1.0009766,-0.057617188,-0.09472656,-0.21875,-0.1875,0.1875,0.0,0.0,0.0
1695634685418,-0.99902344,-0.041992188,-0.10644531,0.15625,0.25,0.0,0.0,0.0,0.0
1695634685478,-0.99609375,-0.038085938,-0.10449219,0.03125,-0.3125,-0.0625,0.0,0.0,0.0
1695634685479,-1.0048828,-0.038085938,-0.107421875,0.09375,0.0625,0.125,0.0,0.0,0.0
1695634685538,-0.9980469,-0.037109375,-0.1015625,-0.09375,0.25,-0.1875,0.0,0.0,0.0
1695634685569,-0.9970703,-0.037109375,-0.099609375,-0.40625,-0.3125,-0.0625,0.0,0.0,0.0
1695634685599,-0.9980469,-0.046875,-0.09277344,0.03125,0.125,0.125,-73.5,17.0,-178.6875
1695634685658,-1.0097656,-0.047851562,-0.10058594,-0.09375,-0.125,-0.1875,0.0,0.0,0.0
1695634685689,-1.0009766,-0.040039062,-0.10253906,-0.34375,-0.125,-0.125,0.0,0.0,0.0
1695634685720,-0.9921875,-0.047851562,-0.09667969,0.09375,0.0625,-0.125,0.0,0.0,0.0
1695634685780,-0.9892578,-0.051757812,-0.1015625,0.15625,0.0,0.0625,0.0,0.0,0.0
1695634685808,-0.99316406,-0.038085938,-0.109375,-0.09375,-0.125,-0.25,0.0,0.0,0.0
1695634685839,-0.9980469,-0.049804688,-0.10644531,0.09375,-0.125,-0.0625,0.0,0.0,0.0
1695634685899,-1.0009766,-0.049804688,-0.11230469,-0.03125,-0.125,0.0625,0.0,0.0,0.0
1695634685929,-1.0009766,-0.038085938,-0.09277344,0.53125,0.1875,-0.1875,0.0,0.0,0.0
1695634685958,-0.9902344,-0.041992188,-0.115234375,0.09375,-0.25,0.0625,0.0,0.0,0.0
1695634686019,-0.99902344,-0.045898438,-0.107421875,0.53125,-0.1875,-0.0625,0.0,0.0,0.0
1695634686049,-0.9951172,-0.041015625,-0.099609375,0.09375,-0.1875,-0.25,0.0,0.0,0.0
1695634686078,-1.0078125,-0.041015625,-0.099609375,0.09375,-0.1875,-0.125,0.0,0.0,0.0
1695634686138,-0.9951172,-0.038085938,-0.10546875,-0.40625,-0.375,-0.25,-72.875,16.375,-179.625
1695634686168,-1.0029297,-0.046875,-0.107421875,0.03125,-0.5625,0.0,0.0,0.0,0.0
1695634686198,-1.0,-0.047851562,-0.099609375,-0.65625,-0.0625,-0.25,0.0,0.0,0.0
1695634686320,-1.0048828,-0.048828125,-0.10058594,-0.09375,-0.65625,-0.25,0.0,0.0,0.0
1695634686322,-1.0058594,-0.046875,-0.09765625,-0.75,-0.71875,-0.25,0.0,0.0,0.0
1695634686325,-0.99902344,-0.05078125,-0.09472656,-0.46875,-0.3125,-0.375,0.0,0.0,0.0
1695634686378,-0.99902344,-0.048828125,-0.095703125,-0.25,-0.09375,-0.25,0.0,0.0,0.0
