,timestamp,accel_x,accel_y,accel_z,gyro_x,gyro_y,gyro_z,ind
0,1695312318490,0.091552734,0.00970459,-0.93829346,-0.640625,-0.65625,0.625,0
1,1695312318530,0.09008789,0.010437012,-0.928772,-0.46875,0.0,0.59375,1
2,1695312318570,0.09741211,0.008239746,-0.93536377,-0.546875,0.921875,0.578125,2
3,1695312318610,0.088378906,0.0014038086,-0.9216919,-0.328125,1.84375,0.625,3
4,1695312318650,0.09350586,0.005065918,-0.9194946,0.453125,0.390625,0.6875,4
5,1695312318690,0.09033203,0.003112793,-0.92681885,0.765625,0.640625,0.84375,5
6,1695312318730,0.09423828,0.0119018555,-0.8960571,2.421875,-0.34375,0.84375,6
7,1695312318770,0.092285156,0.0138549805,-0.92681885,1.375,-1.875,0.90625,7
8,1695312318810,0.08984375,0.015808105,-0.9121704,0.5,-1.59375,0.75,8
9,1695312318850,0.09399414,0.021911621,-0.93585205,0.078125,-0.5625,0.5,9
10,1695312318890,0.09057617,0.017028809,-0.92071533,0.125,-0.625,0.5625,10
11,1695312318930,0.09887695,0.011657715,-0.92755127,-0.109375,-0.78125,0.515625,11
12,1695312318970,0.095947266,0.012878418,-0.9421997,-0.59375,-0.4375,0.578125,12
13,1695312319010,0.095703125,0.0065307617,-0.94732666,-0.703125,0.828125,0.546875,13
14,1695312319050,0.09277344,0.0014038086,-0.9273071,-0.640625,1.9375,0.640625,14
15,1695312319090,0.09399414,0.0016479492,-0.90753174,1.015625,1.546875,0.765625,15
16,1695312319130,0.09082031,0.009216309,-0.92926025,1.140625,0.921875,0.71875,16
17,1695312319170,0.08544922,0.010192871,-0.9336548,0.78125,0.953125,0.78125,17
18,1695312319210,0.08666992,0.018737793,-0.91119385,1.40625,0.40625,0.84375,18
19,1695312319250,0.075927734,0.015563965,-0.91412354,1.796875,-0.96875,0.890625,19
20,1695312319290,0.087646484,0.022888184,-0.91900635,1.515625,-1.640625,0.78125,20
21,1695312319330,0.09326172,0.010925293,-0.94195557,-0.71875,-0.84375,0.65625,21
22,1695312319370,0.09277344,0.013122559,-0.91290283,-0.078125,-0.90625,0.671875,22
23,1695312319410,0.088378906,0.010192871,-0.9277954,-0.015625,-0.890625,0.625,23
24,1695312319450,0.08984375,0.006286621,-0.93707275,-0.609375,-0.703125,0.609375,24
25,1695312319490,0.0949707,0.008483887,-0.94537354,-0.28125,0.03125,0.625,25
26,1695312319530,0.09423828,0.006286621,-0.93096924,-0.703125,1.421875,0.53125,26
27,1695312319570,0.08935547,0.005554199,-0.90948486,0.390625,1.28125,0.6875,27
28,1695312319610,0.09008789,0.004333496,-0.9234009,0.734375,1.0625,0.578125,28
29,1695312319650,0.08911133,0.010681152,-0.92559814,0.921875,1.0,0.734375,29
30,1695312319690,0.08325195,0.04095459,-0.9421997,-0.546875,0.21875,0.578125,151
31,1695312319730,0.0769043,0.039733887,-0.9365845,-0.375,1.4375,0.625,152
32,1695312319770,0.07543945,0.029724121,-0.92437744,-0.296875,1.921875,0.640625,153
33,1695312319810,0.07421875,0.04144287,-0.9224243,0.703125,1.390625,0.65625,154
34,1695312319850,0.07080078,0.034118652,-0.9290161,0.671875,1.0625,0.640625,155
35,1695312319890,0.06933594,0.038513184,-0.93048096,0.796875,0.84375,0.8125,156
36,1695312319930,0.06665039,0.04119873,-0.927063,0.234375,0.390625,0.890625,157
37,1695312319970,0.0703125,0.04168701,-0.9282837,-0.1875,0.296875,0.765625,158
38,1695312320010,0.06738281,0.038513184,-0.9302368,-0.078125,0.46875,0.671875,159
39,1695312320050,0.068847656,0.044128418,-0.8855591,2.90625,-1.09375,0.75,160
40,1695312320090,0.07543945,0.04559326,-0.94537354,0.5625,-1.828125,0.71875,161
41,1695312320130,0.076171875,0.04437256,-0.9234009,-0.21875,-1.0625,0.484375,162
42,1695312320170,0.072753906,0.040222168,-0.93585205,-0.46875,-1.125,0.421875,163
43,1695312320210,0.0793457,0.0368042,-0.925354,0.046875,-1.1875,0.59375,164
44,1695312320250,0.079589844,0.039245605,-0.928772,-0.046875,-0.46875,0.484375,165
45,1695312320290,0.07324219,0.0368042,-0.9378052,-0.34375,-0.25,0.75,166
46,1695312320330,0.08300781,0.03656006,-0.93585205,-0.25,0.4375,0.796875,167
47,1695312320370,0.07397461,0.034118652,-0.928772,-0.421875,1.46875,0.71875,168
48,1695312320410,0.0703125,0.034362793,-0.9158325,0.453125,1.3125,0.65625,169
49,1695312320450,0.06713867,0.04071045,-0.9273071,0.9375,1.015625,0.640625,170
50,1695312320490,0.06713867,0.039978027,-0.9194946,0.359375,0.71875,0.859375,171
51,1695312320530,0.07006836,0.03656006,-0.9258423,-0.015625,0.40625,0.8125,172
52,1695312320570,0.07055664,0.03778076,-0.92510986,0.1875,0.75,0.5,173
53,1695312320610,0.075683594,0.030700684,-0.9192505,1.0,0.53125,0.734375,174
54,1695312320650,0.07080078,0.03778076,-0.8948364,2.53125,-1.5,0.75,175
55,1695312320690,0.07128906,0.04437256,-0.9636841,-0.484375,-1.546875,0.609375,176
56,1695312320730,0.0703125,0.04168701,-0.9163208,0.046875,-0.796875,0.484375,177
57,1695312320770,0.06225586,0.036071777,-0.9295044,0.140625,-1.140625,0.609375,178
58,1695312320810,0.07128906,0.039245605,-0.92852783,-0.421875,-0.46875,0.703125,179
59,1695312320850,0.076660156,0.034362793,-0.9421997,-0.40625,-0.375,0.59375,180
60,1695312320890,0.07739258,0.034118652,-0.9326782,-0.1875,0.25,0.5,181
61,1695312320930,0.075683594,0.03265381,-0.9241333,-0.125,1.28125,0.609375,182
62,1695312320970,0.068847656,0.028503418,-0.9192505,0.640625,1.203125,0.65625,183
63,1695312321010,0.07446289,0.03704834,-0.9290161,0.6875,0.9375,0.78125,184
64,1695312321050,0.0715332,0.03704834,-0.92559814,0.59375,0.796875,0.890625,185
65,1695312321090,0.07055664,0.035583496,-0.9258423,0.28125,0.5,0.8125,186
66,1695312321130,0.064697266,0.043395996,-0.9092407,1.0625,0.5625,0.71875,187
67,1695312321170,0.07397461,0.04144287,-0.91241455,2.203125,-1.4375,0.875,188
68,1695312321210,0.07299805,0.042419434,-0.93756104,0.21875,-1.5,0.59375,189
69,1695312321250,0.07128906,0.040222168,-0.92510986,-0.4375,-0.265625,0.6875,190
70,1695312321290,0.068115234,0.043395996,-0.91851807,0.828125,-1.171875,0.71875,191
71,1695312321330,0.07104492,0.04046631,-0.9390259,-0.453125,-0.890625,0.640625,192
72,1695312321370,0.072509766,0.034606934,-0.9324341,-0.625,-0.5625,0.640625,193
73,1695312321410,0.071777344,0.0368042,-0.93707275,-0.40625,0.359375,0.625,194
74,1695312321450,0.07470703,0.034606934,-0.94122314,-0.734375,1.25,0.734375,195
75,1695312321490,0.068115234,0.030212402,-0.913147,0.578125,1.75,0.671875,196
76,1695312321530,0.0690918,0.039489746,-0.9273071,0.78125,0.828125,0.828125,197
77,1695312321570,0.068603516,0.036071777,-0.93048096,0.703125,0.71875,0.828125,198
78,1695312321610,0.07055664,0.034851074,-0.91900635,0.921875,0.625,0.78125,199
79,1695312321650,0.06738281,0.04095459,-0.9121704,2.796875,-1.9375,0.84375,200
80,1695312321690,0.063964844,0.039489746,-0.9209595,0.8125,-1.78125,0.609375,201
81,1695312321730,0.071777344,0.0446167,-0.9517212,-1.1875,-1.0,0.40625,202
82,1695312321770,0.06982422,0.03753662,-0.91290283,-0.03125,-0.546875,0.640625,203
83,1695312321810,0.07836914,0.039245605,-0.9351196,-0.578125,-1.09375,0.515625,204
84,1695312321850,0.07373047,0.03387451,-0.9336548,-0.46875,0.046875,0.421875,205
85,1695312321890,0.076416016,0.029968262,-0.9343872,-0.375,0.71875,0.65625,206
86,1695312321930,0.06665039,0.031921387,-0.9343872,-0.28125,1.5625,0.625,207
87,1695312321970,0.0690918,0.030456543,-0.91119385,0.609375,1.53125,0.78125,208
88,1695312322010,0.07006836,0.030944824,-0.9229126,0.765625,0.90625,0.953125,209
89,1695312322050,0.06689453,0.03314209,-0.92388916,1.0625,0.5,0.8125,210
90,1695312322090,0.06665039,0.038269043,-0.90338135,2.8125,-1.25,0.75,211
91,1695312322130,0.0690918,0.042907715,-0.9299927,0.40625,-1.453125,0.734375,212
92,1695312322170,0.07446289,0.048034668,-0.93170166,-0.0625,-1.046875,0.703125,213
93,1695312322210,0.07421875,0.03778076,-0.9299927,-0.34375,-0.890625,0.734375,214
94,1695312322250,0.07421875,0.03338623,-0.9338989,-0.21875,-0.953125,0.65625,215
95,1695312322290,0.07861328,0.035095215,-0.93585205,-0.515625,-0.390625,0.671875,216
96,1695312322330,0.0769043,0.034851074,-0.9404907,-0.765625,0.546875,0.734375,217
97,1695312322370,0.072021484,0.030944824,-0.93218994,-0.265625,1.46875,0.65625,218
98,1695312322410,0.068115234,0.0289917,-0.9151001,0.71875,1.21875,0.71875,219
99,1695312322450,0.07104492,0.031921387,-0.925354,0.828125,0.71875,0.640625,220
100,1695312322490,0.06616211,0.040222168,-0.92633057,0.65625,0.734375,0.78125,221
101,1695312322530,0.06689453,0.039001465,-0.92681885,0.71875,0.40625,0.78125,222
102,1695312322570,0.06274414,0.034362793,-0.91778564,0.515625,0.125,0.765625,223
103,1695312322610,0.061767578,0.039001465,-0.90753174,2.390625,-1.78125,0.75,224
104,1695312322650,0.068847656,0.039978027,-0.93218994,0.796875,-1.703125,0.59375,225
105,1695312322690,0.07324219,0.036071777,-0.93634033,-0.921875,-0.828125,0.5,226
106,1695312322730,0.06689453,0.043151855,-0.925354,0.03125,-0.703125,0.71875,227
107,1695312322770,0.0715332,0.035339355,-0.9373169,-0.4375,-0.5625,0.578125,228
108,1695312322810,0.07006836,0.03314209,-0.93170166,-0.15625,-0.125,0.734375,229
109,1695312322850,0.07128906,0.026062012,-0.92803955,-0.09375,0.3125,0.65625,230
110,1695312322890,0.072265625,0.032409668,-0.9446411,-0.53125,1.078125,0.6875,231
111,1695312322930,0.071777344,0.02532959,-0.91778564,0.234375,1.34375,0.703125,232
112,1695312322970,0.068115234,0.031921387,-0.92559814,0.875,1.03125,0.859375,233
113,1695312323010,0.0703125,0.034118652,-0.927063,0.8125,0.8125,0.75,234
114,1695312323050,0.06640625,0.03656006,-0.897522,2.484375,-0.015625,0.796875,235
115,1695312323090,0.0703125,0.031921387,-0.92633057,0.84375,-0.609375,0.796875,236
116,1695312323130,0.068847656,0.041931152,-0.9307251,1.125,-2.828125,0.671875,237
117,1695312323170,0.07763672,0.038269043,-0.93634033,-1.015625,-0.6875,0.671875,238
118,1695312323210,0.067871094,0.034362793,-0.9209595,-0.15625,-0.921875,0.734375,239
119,1695312323250,0.072509766,0.034362793,-0.92193604,-0.078125,-0.8125,0.5625,240
120,1695312323290,0.075927734,0.03753662,-0.93463135,-0.234375,-0.625,0.59375,241
121,1695312323330,0.068359375,0.03753662,-0.9336548,-0.15625,0.046875,0.546875,242
122,1695312323370,0.07543945,0.02923584,-0.9380493,-0.078125,0.984375,0.59375,243
123,1695312323410,0.076416016,0.035827637,-0.9299927,-0.28125,1.46875,0.640625,244
124,1695312323450,0.06982422,0.031188965,-0.9234009,1.015625,1.0,0.828125,245
125,1695312323490,0.072021484,0.03338623,-0.9295044,0.859375,-0.09375,0.96875,246
126,1695312323530,0.072021484,0.03314209,-0.92388916,0.859375,0.46875,0.703125,247
127,1695312323570,0.068847656,0.039001465,-0.9072876,1.515625,-0.1875,0.71875,248
128,1695312323610,0.06958008,0.038757324,-0.9299927,0.1875,-1.453125,0.65625,249
129,1695312323650,0.068847656,0.039001465,-0.9483032,0.671875,-0.96875,0.703125,250
130,1695312323690,0.075683594,0.031433105,-0.93756104,0.734375,0.453125,0.78125,251
131,1695312323730,0.06738281,0.038269043,-0.9175415,-0.796875,-0.21875,0.6875,252
132,1695312323770,0.06713867,0.030944824,-0.9060669,-0.359375,-0.734375,0.609375,253
133,1695312323810,0.07543945,0.030944824,-0.9187622,-0.046875,-0.21875,0.421875,254
134,1695312323850,0.06982422,0.03338623,-0.9446411,0.796875,0.421875,0.484375,255
135,1695312323890,0.06738281,0.039733887,-0.9483032,0.515625,0.984375,0.875,256
136,1695312323930,0.072509766,0.034851074,-0.9055786,-0.78125,0.375,0.65625,257
137,1695312323970,0.0703125,0.031677246,-0.90509033,0.90625,-0.375,0.5625,258
138,1695312324010,0.06640625,0.035095215,-0.9282837,1.640625,-1.125,0.84375,259
139,1695312324050,0.06616211,0.03753662,-0.9380493,1.234375,-0.0625,0.765625,260
140,1695312324090,0.068847656,0.042419434,-0.9290161,0.03125,0.15625,0.703125,261
141,1695312324130,0.07324219,0.035827637,-0.923645,0.015625,0.28125,0.828125,262
142,1695312324170,0.0703125,0.038024902,-0.91485596,0.5,-1.140625,0.8125,263
143,1695312324210,0.07836914,0.034118652,-0.9158325,-0.265625,-1.90625,0.84375,264
144,1695312324250,0.075683594,0.030456543,-0.9378052,-1.03125,-1.65625,0.59375,265
145,1695312324290,0.071777344,0.035095215,-0.9336548,-0.484375,0.6875,0.578125,266
146,1695312324330,0.072265625,0.030944824,-0.9265747,-0.515625,1.984375,0.5,267
147,1695312324370,0.07446289,0.0368042,-0.92559814,0.828125,1.21875,0.6875,268
148,1695312324410,0.07080078,0.028503418,-0.93218994,1.09375,1.046875,0.71875,269
149,1695312324450,0.064453125,0.031433105,-0.9077759,2.21875,0.28125,0.78125,270
150,1695312324490,0.07299805,0.035339355,-0.9390259,0.609375,-0.828125,0.828125,271
151,1695312324530,0.068115234,0.03704834,-0.9048462,1.328125,-0.90625,0.765625,272
152,1695312324570,0.07495117,0.039245605,-0.9265747,0.578125,-1.28125,0.78125,273
153,1695312324610,0.075683594,0.040222168,-0.93927,-0.890625,-0.421875,0.6875,274
154,1695312324650,0.07446289,0.03314209,-0.92755127,-0.203125,-0.203125,0.6875,275
155,1695312324690,0.07104492,0.030700684,-0.9356079,-0.375,0.515625,0.8125,276
156,1695312324730,0.07006836,0.034118652,-0.9331665,-0.109375,0.9375,0.71875,277
157,1695312324770,0.06738281,0.02923584,-0.92559814,0.203125,1.1875,0.65625,278
158,1695312324810,0.068603516,0.034118652,-0.9234009,0.703125,0.875,0.671875,279
159,1695312324850,0.0690918,0.030456543,-0.9351196,0.6875,0.578125,0.765625,280
160,1695312324890,0.06713867,0.034362793,-0.9180298,0.828125,0.53125,0.703125,281
161,1695312324930,0.06298828,0.032165527,-0.93170166,0.609375,-0.3125,0.65625,282
162,1695312324970,0.068847656,0.03363037,-0.9380493,-0.484375,0.21875,0.671875,283
163,1695312325010,0.064697266,0.034851074,-0.9248657,0.046875,0.453125,0.625,284
164,1695312325050,0.061767578,0.03778076,-0.90216064,3.09375,-1.625,0.859375,285
165,1695312325090,0.07470703,0.035583496,-0.95880127,-0.53125,-1.515625,0.78125,286
166,1695312325130,0.0690918,0.03704834,-0.92974854,0.125,-0.359375,0.578125,287
167,1695312325170,0.0690918,0.034118652,-0.9273071,-0.265625,-0.125,0.6875,288
168,1695312325210,0.061523438,0.034362793,-0.9356079,-0.5,0.65625,0.5,289
169,1695312325250,0.0637207,0.030456543,-0.9338989,-0.59375,1.296875,0.640625,290
170,1695312325290,0.07104492,0.029968262,-0.9282837,0.5,1.21875,0.671875,291
171,1695312325330,0.061767578,0.031677246,-0.93096924,0.9375,0.8125,0.625,292
172,1695312325370,0.056884766,0.027770996,-0.92315674,0.546875,0.34375,0.828125,293
173,1695312325410,0.061279297,0.030700684,-0.93292236,0.328125,0.546875,0.796875,294
174,1695312325450,0.056396484,0.03363037,-0.9246216,0.125,0.21875,0.84375,295
175,1695312325490,0.057617188,0.0289917,-0.9072876,1.484375,0.015625,0.6875,296
176,1695312325530,0.061767578,0.03656006,-0.9175415,2.09375,-1.515625,0.71875,297
177,1695312325570,0.0690918,0.04071045,-0.94195557,-0.28125,-0.765625,0.84375,298
178,1695312325610,0.064453125,0.03363037,-0.9260864,0.0625,-0.65625,0.59375,299
179,1695312325650,0.07006836,0.03289795,-0.92437744,0.40625,-0.796875,0.609375,300
180,1695312325690,0.06738281,0.032165527,-0.9331665,0.234375,-0.671875,0.65625,301
181,1695312325730,0.068603516,0.032409668,-0.92755127,0.203125,-0.421875,0.8125,302
182,1695312325770,0.068115234,0.024108887,-0.93634033,-0.171875,-0.015625,0.578125,303
183,1695312325810,0.064697266,0.032409668,-0.93463135,-0.359375,1.203125,0.609375,304
184,1695312325850,0.06591797,0.030456543,-0.9158325,0.53125,1.0625,0.640625,305
185,1695312325890,0.061523438,0.031433105,-0.9194946,0.84375,0.625,0.71875,306
186,1695312325930,0.0625,0.029724121,-0.9302368,0.171875,0.765625,0.6875,307
187,1695312325970,0.060302734,0.036071777,-0.9314575,0.625,0.6875,0.703125,308
188,1695312326010,0.06274414,0.03778076,-0.9260864,0.140625,0.59375,0.765625,309
189,1695312326050,0.057617188,0.028747559,-0.9234009,0.328125,0.34375,0.6875,310
190,1695312326090,0.056396484,0.030212402,-0.91729736,1.171875,-0.09375,0.6875,311
191,1695312326130,0.059814453,0.034851074,-0.93414307,1.671875,-1.328125,0.796875,312
192,1695312326170,0.061279297,0.03387451,-0.9351196,0.0,-0.640625,0.703125,313
193,1695312326210,0.06323242,0.04095459,-0.9248657,0.359375,-0.84375,0.84375,314
194,1695312326250,0.0637207,0.039733887,-0.9282837,0.078125,-0.859375,0.671875,315
195,1695312326290,0.06298828,0.032165527,-0.9273071,0.125,-0.84375,0.78125,316
196,1695312326330,0.07446289,0.03265381,-0.9299927,0.15625,-0.671875,0.640625,317
197,1695312326370,0.07421875,0.031188965,-0.9326782,0.25,-0.5,0.75,318
198,1695312326410,0.064697266,0.03314209,-0.9302368,0.015625,0.25,0.578125,319
199,1695312326450,0.061279297,0.028747559,-0.9336548,-0.40625,1.203125,0.546875,320
200,1695312326490,0.064208984,0.027770996,-0.9216919,0.0625,1.15625,0.671875,321
201,1695312326530,0.06225586,0.032409668,-0.9290161,0.515625,0.671875,0.5625,322
202,1695312326570,0.06616211,0.029968262,-0.92559814,0.5,0.828125,0.6875,323
203,1695312326610,0.055419922,0.03338623,-0.9326782,0.421875,0.375,0.75,324
204,1695312326650,0.064208984,0.0368042,-0.927063,0.359375,0.359375,0.671875,325
205,1695312326690,0.059326172,0.031677246,-0.9102173,1.46875,-0.75,0.71875,326
206,1695312326730,0.059326172,0.031677246,-0.9319458,1.0,-1.09375,0.53125,327
207,1695312326770,0.06738281,0.040222168,-0.9439087,-0.21875,-1.015625,0.65625,328
208,1695312326810,0.06518555,0.040222168,-0.9273071,0.375,-0.65625,0.671875,329
209,1695312326850,0.06274414,0.034118652,-0.92755127,0.296875,-0.828125,0.5625,330
210,1695312326890,0.061523438,0.03265381,-0.93048096,0.203125,-0.625,0.5625,331
211,1695312326930,0.068115234,0.02508545,-0.923645,0.1875,-0.515625,0.71875,332
212,1695312326970,0.068359375,0.03729248,-0.93218994,0.375,-0.390625,0.640625,333
213,1695312327010,0.07104492,0.031188965,-0.9414673,-0.03125,-0.0625,0.71875,334
214,1695312327050,0.0703125,0.035583496,-0.94122314,-0.421875,0.5625,0.78125,335
215,1695312327090,0.06689453,0.03363037,-0.9265747,-0.421875,1.484375,0.640625,336
216,1695312327130,0.068359375,0.030456543,-0.9180298,0.46875,0.921875,0.640625,337
217,1695312327170,0.0625,0.03289795,-0.9312134,0.640625,0.609375,0.75,338
218,1695312327210,0.0625,0.03387451,-0.9307251,0.65625,0.765625,0.6875,339
219,1695312327250,0.060791016,0.036071777,-0.9246216,0.46875,0.609375,0.765625,340
220,1695312327290,0.05883789,0.03656006,-0.9143677,1.265625,-0.046875,0.6875,341
221,1695312327330,0.06298828,0.029724121,-0.925354,1.234375,-1.21875,0.765625,342
222,1695312327370,0.06616211,0.04534912,-0.93634033,0.796875,-1.65625,0.671875,343
223,1695312327410,0.06665039,0.031921387,-0.9260864,-0.015625,-0.734375,0.78125,344
224,1695312327450,0.068359375,0.036315918,-0.942688,0.109375,-1.171875,0.75,345
225,1695312327490,0.06640625,0.034118652,-0.9324341,-0.265625,-0.703125,0.703125,346
226,1695312327530,0.064453125,0.02947998,-0.9290161,-0.125,-0.28125,0.53125,347
227,1695312327570,0.06665039,0.030700684,-0.93878174,0.171875,-0.234375,0.5625,348
228,1695312327610,0.064208984,0.03338623,-0.93536377,0.125,0.78125,0.65625,349
229,1695312327650,0.06762695,0.03729248,-0.9277954,-0.03125,1.484375,0.6875,350
230,1695312327690,0.0625,0.03656006,-0.927063,0.265625,1.078125,0.6875,351
231,1695312327730,0.06713867,0.035095215,-0.93048096,0.46875,0.734375,0.8125,352
232,1695312327770,0.064453125,0.034118652,-0.9324341,0.328125,0.5625,0.734375,353
233,1695312327810,0.05908203,0.038269043,-0.9273071,0.28125,0.53125,0.671875,354
234,1695312327850,0.056640625,0.032165527,-0.91656494,0.40625,0.375,0.65625,355
235,1695312327890,0.05444336,0.03265381,-0.9109497,1.6875,-0.21875,0.8125,356
236,1695312327930,0.061035156,0.034606934,-0.93096924,1.28125,-0.9375,0.75,357
237,1695312327970,0.060058594,0.03704834,-0.92803955,0.515625,-1.046875,0.71875,358
238,1695312328010,0.055419922,0.02923584,-0.9302368,0.203125,-0.9375,0.71875,359
239,1695312328050,0.06713867,0.038757324,-0.9209595,0.421875,-0.84375,0.65625,360
240,1695312328090,0.061279297,0.03387451,-0.9343872,0.15625,-0.71875,0.8125,361
241,1695312328130,0.063964844,0.03778076,-0.92852783,0.03125,-0.484375,0.84375,362
242,1695312328170,0.0625,0.036315918,-0.9302368,-0.03125,-0.140625,0.828125,363
243,1695312328210,0.06616211,0.036071777,-0.9356079,-0.3125,0.796875,0.671875,364
244,1695312328250,0.053466797,0.02923584,-0.9282837,-0.28125,1.234375,0.65625,365
245,1695312328290,0.060546875,0.03338623,-0.92755127,0.28125,0.84375,0.671875,366
246,1695312328330,0.064697266,0.034606934,-0.9258423,0.359375,0.609375,0.6875,367
247,1695312328370,0.05419922,0.0368042,-0.928772,0.296875,0.75,0.734375,368
248,1695312328410,0.06201172,0.030944824,-0.91778564,0.578125,0.078125,0.671875,369
249,1695312328450,0.060546875,0.02923584,-0.9199829,0.796875,0.078125,0.6875,370
250,1695312328490,0.057617188,0.034118652,-0.92315674,1.1875,-0.59375,0.796875,371
251,1695312328530,0.06225586,0.04095459,-0.93218994,0.984375,-0.9375,0.71875,372
252,1695312328570,0.056884766,0.03656006,-0.92681885,0.484375,-0.75,0.71875,373
253,1695312328610,0.060546875,0.03289795,-0.92437744,0.765625,-0.78125,0.671875,374
254,1695312328650,0.06225586,0.035339355,-0.9356079,0.140625,-0.828125,0.5625,375
255,1695312328690,0.060791016,0.035095215,-0.9312134,0.171875,-0.734375,0.828125,376
256,1695312328730,0.064208984,0.03729248,-0.9380493,-0.171875,-0.375,0.5625,377
257,1695312328770,0.06225586,0.034118652,-0.9378052,-0.078125,0.15625,0.703125,378
258,1695312328810,0.05859375,0.0368042,-0.9348755,-0.359375,0.75,0.578125,379
259,1695312328850,0.060546875,0.029968262,-0.92193604,-0.015625,0.96875,0.59375,380
260,1695312328890,0.061035156,0.032409668,-0.93170166,0.421875,0.734375,0.78125,381
261,1695312328930,0.060791016,0.035095215,-0.9260864,0.390625,0.53125,0.5625,382
262,1695312328970,0.05834961,0.038024902,-0.93096924,0.265625,0.421875,0.8125,383
263,1695312329010,0.060302734,0.031921387,-0.9277954,0.296875,0.546875,0.71875,384
264,1695312329050,0.05859375,0.032409668,-0.9192505,1.15625,-0.234375,0.734375,385
265,1695312329090,0.060302734,0.03778076,-0.9277954,1.328125,-0.96875,0.703125,386
266,1695312329130,0.060546875,0.039733887,-0.9307251,0.71875,-1.03125,0.71875,387
267,1695312329170,0.064453125,0.034362793,-0.9324341,0.109375,-0.578125,0.5625,388
268,1695312329210,0.059814453,0.03265381,-0.928772,0.46875,-0.59375,0.703125,389
269,1695312329250,0.06298828,0.039978027,-0.9331665,0.609375,-1.5625,0.75,390
270,1695312329290,0.06518555,0.03387451,-0.9241333,0.765625,-0.75,0.5625,391
271,1695312329330,0.06982422,0.035095215,-0.9209595,0.421875,-0.796875,0.71875,392
272,1695312329370,0.06567383,0.04071045,-0.9373169,0.296875,-0.765625,0.734375,393
273,1695312329410,0.07299805,0.035827637,-0.93707275,-0.09375,-0.28125,0.6875,394
274,1695312329450,0.076171875,0.030944824,-0.9356079,-0.4375,0.234375,0.796875,395
275,1695312329490,0.068603516,0.035339355,-0.93634033,-0.90625,1.265625,0.609375,396
276,1695312329530,0.06347656,0.030456543,-0.91241455,-0.046875,1.4375,0.59375,397
277,1695312329570,0.0625,0.032409668,-0.92803955,0.6875,1.015625,0.6875,398
278,1695312329610,0.061767578,0.02923584,-0.9324341,0.328125,0.328125,0.625,399
279,1695312329650,0.059326172,0.038269043,-0.9277954,0.28125,0.65625,0.65625,400
280,1695312329690,0.06225586,0.031188965,-0.9234009,0.015625,0.390625,0.65625,401
281,1695312329730,0.061279297,0.027282715,-0.9260864,0.1875,0.40625,0.671875,402
282,1695312329770,0.052246094,0.03314209,-0.9180298,0.4375,0.171875,0.625,403
283,1695312329810,0.06591797,0.03265381,-0.9199829,1.1875,-0.875,0.625,404
284,1695312329850,0.059814453,0.03314209,-0.9319458,1.5,-1.1875,0.78125,405
285,1695312329890,0.059814453,0.03338623,-0.92388916,0.515625,-0.59375,0.6875,406
286,1695312329930,0.06713867,0.038024902,-0.9282837,0.203125,-0.734375,0.71875,407
287,1695312329970,0.07128906,0.036071777,-0.9307251,0.25,-0.71875,0.65625,408
288,1695312330010,0.06225586,0.03338623,-0.9209595,0.0625,-0.640625,0.75,409
289,1695312330050,0.06567383,0.03289795,-0.94073486,-0.09375,-0.890625,0.59375,410
290,1695312330090,0.07080078,0.034851074,-0.9302368,0.609375,0.0625,0.71875,411
291,1695312330130,0.06518555,0.03338623,-0.9290161,-0.140625,0.28125,0.625,412
292,1695312330170,0.06616211,0.031188965,-0.93951416,-0.609375,0.9375,0.78125,413
293,1695312330210,0.05908203,0.029968262,-0.9299927,-0.328125,1.140625,0.640625,414
294,1695312330250,0.067871094,0.030456543,-0.92437744,0.15625,0.796875,0.671875,415
295,1695312330290,0.059326172,0.028015137,-0.9277954,0.46875,0.765625,0.71875,416
296,1695312330330,0.057128906,0.03704834,-0.9221802,0.5625,0.6875,0.53125,417
297,1695312330370,0.05834961,0.02947998,-0.92193604,0.734375,0.484375,0.78125,418
298,1695312330410,0.056396484,0.030700684,-0.9151001,1.15625,-0.0625,0.75,419
299,1695312330450,0.064453125,0.038513184,-0.9324341,1.15625,-0.75,0.75,420
300,1695312330490,0.064453125,0.04095459,-0.9282837,0.5,-0.828125,0.6875,421
301,1695312330530,0.057373047,0.034118652,-0.9307251,0.296875,-0.703125,0.625,422
302,1695312330570,0.0625,0.0289917,-0.93292236,0.34375,-0.953125,0.6875,423
303,1695312330610,0.068847656,0.031433105,-0.9282837,0.21875,-0.609375,0.65625,424
304,1695312330650,0.068359375,0.034362793,-0.9302368,0.234375,-0.671875,0.65625,425
305,1695312330690,0.063964844,0.027282715,-0.92681885,0.4375,-0.453125,0.84375,426
306,1695312330730,0.068359375,0.029724121,-0.9314575,-0.046875,-0.171875,0.65625,427
307,1695312330770,0.0625,0.035339355,-0.94415283,-0.53125,0.46875,0.640625,428
308,1695312330810,0.0690918,0.03265381,-0.93218994,-0.671875,1.171875,0.578125,429
309,1695312330850,0.067871094,0.035339355,-0.925354,0.0,0.546875,0.828125,430
310,1695312330890,0.06298828,0.028503418,-0.9234009,-0.140625,-0.125,0.734375,431
311,1695312330930,0.063964844,0.029724121,-0.92974854,-0.1875,-0.3125,0.90625,432
312,1695312330970,0.064697266,0.031188965,-0.91119385,0.328125,-0.234375,0.671875,433
313,1695312331010,0.0637207,0.032165527,-0.9175415,0.96875,-0.6875,0.78125,434
314,1695312331050,0.06323242,0.029968262,-0.9265747,1.203125,-1.796875,0.6875,435
315,1695312331090,0.078125,0.042663574,-0.94244385,0.265625,-0.578125,0.65625,436
316,1695312331130,0.06640625,0.026306152,-0.9221802,0.734375,0.234375,0.71875,437
317,1695312331170,0.067871094,0.03338623,-0.9343872,0.609375,-0.28125,0.6875,438
318,1695312331210,0.06738281,0.03338623,-0.9277954,0.8125,-0.59375,0.609375,439
319,1695312331250,0.064941406,0.035583496,-0.9378052,-0.046875,-0.3125,0.640625,440
320,1695312331290,0.06982422,0.03289795,-0.93585205,0.015625,-0.1875,0.75,441
321,1695312331330,0.06933594,0.035583496,-0.942688,-0.390625,0.46875,0.609375,442
322,1695312331370,0.068115234,0.032409668,-0.9302368,-0.3125,1.390625,0.6875,443
323,1695312331410,0.061523438,0.025817871,-0.92852783,0.484375,1.09375,0.65625,444
324,1695312331450,0.06591797,0.030456543,-0.9302368,0.3125,0.921875,0.703125,445
325,1695312331490,0.061767578,0.031188965,-0.92633057,0.21875,0.40625,0.84375,446
326,1695312331530,0.060058594,0.036071777,-0.92144775,0.28125,0.390625,0.765625,447
327,1695312331570,0.06201172,0.03338623,-0.9319458,-0.046875,0.5625,0.671875,448
328,1695312331610,0.057861328,0.031921387,-0.91851807,0.90625,0.09375,0.84375,449
329,1695312331650,0.063964844,0.030944824,-0.9138794,1.796875,-0.78125,0.796875,450
330,1695312331690,0.06298828,0.030700684,-0.94488525,0.75,-1.421875,0.765625,451
331,1695312331730,0.06738281,0.03289795,-0.9360962,0.53125,-0.375,0.703125,452
332,1695312331770,0.0637207,0.03314209,-0.9143677,1.03125,-0.84375,0.609375,453
333,1695312331810,0.07128906,0.034606934,-0.9299927,0.046875,-0.796875,0.5625,454
334,1695312331850,0.067871094,0.04071045,-0.9241333,0.328125,-0.671875,0.578125,455
335,1695312331890,0.06713867,0.032165527,-0.93707275,-0.03125,-0.484375,0.6875,456
336,1695312331930,0.068359375,0.036071777,-0.93341064,-0.1875,0.046875,0.5625,457
337,1695312331970,0.0715332,0.03289795,-0.93536377,-0.4375,0.90625,0.609375,458
338,1695312332010,0.06689453,0.027282715,-0.9216919,-0.28125,1.25,0.734375,459
339,1695312332050,0.060791016,0.030456543,-0.9265747,0.453125,1.109375,0.703125,460
340,1695312332090,0.061523438,0.026794434,-0.93463135,0.5625,0.734375,0.875,461
341,1695312332130,0.06665039,0.030700684,-0.92388916,0.46875,0.578125,0.78125,462
342,1695312332170,0.064941406,0.0289917,-0.92852783,0.109375,0.703125,0.75,463
343,1695312332210,0.05493164,0.03314209,-0.9192505,0.484375,0.5,0.609375,464
344,1695312332250,0.05859375,0.036315918,-0.91973877,1.765625,-0.71875,0.734375,465
345,1695312332290,0.0637207,0.03363037,-0.91290283,1.9375,-1.671875,0.84375,466
346,1695312332330,0.0690918,0.038513184,-0.960022,-0.71875,-0.953125,0.625,467
347,1695312332370,0.06591797,0.04071045,-0.9204712,-0.0625,-0.484375,0.640625,468
348,1695312332410,0.06738281,0.0289917,-0.9319458,-0.09375,-0.65625,0.625,469
349,1695312332450,0.061523438,0.036071777,-0.9175415,0.640625,-0.6875,0.578125,470
350,1695312332490,0.072265625,0.02923584,-0.9380493,-0.078125,-0.3125,0.78125,471
351,1695312332530,0.06665039,0.031188965,-0.9385376,0.046875,-0.015625,0.75,472
352,1695312332570,0.068603516,0.035583496,-0.9319458,-0.046875,0.53125,0.671875,473
353,1695312332610,0.06274414,0.03265381,-0.9314575,-0.421875,1.125,0.75,474
354,1695312332650,0.06713867,0.028015137,-0.9331665,-0.0625,1.125,0.625,475
355,1695312332690,0.059326172,0.03363037,-0.925354,0.46875,0.953125,0.65625,476
356,1695312332730,0.06518555,0.03387451,-0.9299927,0.296875,0.25,0.84375,477
357,1695312332770,0.063964844,0.030212402,-0.9290161,0.4375,0.21875,0.703125,478
358,1695312332810,0.060546875,0.032409668,-0.93292236,-0.109375,0.46875,0.640625,479
359,1695312332850,0.060546875,0.035339355,-0.90704346,1.546875,-0.15625,0.796875,480
360,1695312332890,0.064208984,0.027038574,-0.9324341,1.125,-1.28125,0.625,481
361,1695312332930,0.059326172,0.042175293,-0.9338989,0.703125,-0.71875,0.6875,482
362,1695312332970,0.061035156,0.031188965,-0.9265747,0.53125,-0.5625,0.734375,483
363,1695312333010,0.068359375,0.034118652,-0.9312134,0.4375,-0.75,0.578125,484
364,1695312333050,0.06518555,0.034362793,-0.927063,0.46875,-0.53125,0.703125,485
365,1695312333090,0.06713867,0.032165527,-0.9331665,0.125,-0.40625,0.5625,486
366,1695312333130,0.064941406,0.03387451,-0.9331665,0.140625,-0.296875,0.625,487
367,1695312333170,0.06518555,0.04046631,-0.9336548,-0.09375,0.328125,0.671875,488
368,1695312333210,0.06616211,0.031677246,-0.93292236,-0.46875,1.140625,0.65625,489
369,1695312333250,0.057617188,0.030212402,-0.92755127,0.15625,0.34375,0.65625,490
370,1695312333290,0.06982422,0.03656006,-0.92852783,0.484375,0.53125,0.703125,491
371,1695312333330,0.060791016,0.034362793,-0.9273071,0.5625,0.265625,0.6875,492
372,1695312333370,0.06323242,0.031433105,-0.9338989,0.40625,0.109375,0.703125,493
373,1695312333410,0.05834961,0.029724121,-0.92755127,0.234375,0.65625,0.796875,494
374,1695312333450,0.06738281,0.034362793,-0.9199829,1.46875,-0.65625,0.65625,495
375,1695312333490,0.06640625,0.040222168,-0.93096924,0.9375,-0.625,0.625,496
376,1695312333530,0.060058594,0.034851074,-0.9241333,0.859375,-0.234375,0.6875,497
377,1695312333570,0.060546875,0.029968262,-0.93048096,0.265625,-0.34375,0.59375,498
378,1695312333610,0.05810547,0.032165527,-0.92852783,0.484375,-0.5,0.8125,499
379,1695312333650,0.06567383,0.03265381,-0.92926025,0.234375,-0.5625,0.640625,500
380,1695312333690,0.061523438,0.036071777,-0.92974854,0.25,-0.5,0.671875,501
381,1695312333730,0.063964844,0.036315918,-0.9314575,0.1875,-0.203125,0.59375,502
382,1695312333770,0.06689453,0.031677246,-0.93829346,-0.03125,0.015625,0.625,503
383,1695312333810,0.064208984,0.031921387,-0.93536377,-0.53125,0.71875,0.609375,504
384,1695312333850,0.059326172,0.03387451,-0.92315674,0.1875,0.859375,0.734375,505
385,1695312333890,0.05834961,0.03363037,-0.9248657,0.3125,0.421875,0.734375,506
386,1695312333930,0.060791016,0.034851074,-0.9260864,0.328125,0.40625,0.703125,507
387,1695312333970,0.059814453,0.031921387,-0.9302368,-0.015625,0.640625,0.6875,508
388,1695312334010,0.05859375,0.029724121,-0.92266846,0.5,0.25,0.5625,509
389,1695312334050,0.056640625,0.030212402,-0.9138794,1.6875,-0.78125,0.875,510
390,1695312334090,0.052734375,0.035827637,-0.93829346,0.796875,-1.625,0.703125,511
391,1695312334130,0.063964844,0.038513184,-0.940979,0.296875,-0.609375,0.65625,512
392,1695312334170,0.06347656,0.032409668,-0.92926025,0.625,-0.546875,0.703125,513
393,1695312334210,0.064941406,0.03289795,-0.93463135,0.375,-0.640625,0.734375,514
394,1695312334250,0.068603516,0.03289795,-0.9356079,0.171875,-0.4375,0.65625,515
395,1695312334290,0.060302734,0.034606934,-0.9265747,0.1875,-0.234375,0.65625,516
396,1695312334330,0.06347656,0.03704834,-0.93634033,-0.21875,0.171875,0.640625,517
397,1695312334370,0.06738281,0.028015137,-0.93218994,-0.4375,0.984375,0.609375,518
398,1695312334410,0.06274414,0.027282715,-0.93048096,-0.25,0.640625,0.765625,519
399,1695312334450,0.06738281,0.034606934,-0.92022705,0.453125,0.234375,0.84375,520
400,1695312334490,0.05493164,0.032409668,-0.93341064,0.28125,0.140625,0.71875,521
401,1695312334530,0.060058594,0.028015137,-0.92437744,0.359375,0.375,0.6875,522
402,1695312334570,0.05126953,0.030700684,-0.93096924,0.296875,0.53125,0.65625,523
403,1695312334610,0.055664062,0.035583496,-0.91607666,1.171875,-0.171875,0.78125,524
404,1695312334650,0.053466797,0.03338623,-0.9229126,1.078125,-0.671875,0.65625,525
405,1695312334690,0.05444336,0.035095215,-0.93463135,0.703125,-0.703125,0.671875,526
406,1695312334730,0.05908203,0.036315918,-0.94073486,0.125,-0.515625,0.609375,527
407,1695312334770,0.06323242,0.03265381,-0.9331665,0.6875,-0.5625,0.65625,528
408,1695312334810,0.06665039,0.031433105,-0.9343872,-0.109375,-0.390625,0.65625,529
409,1695312334850,0.06591797,0.039733887,-0.9373169,0.265625,-0.90625,0.703125,530
410,1695312334890,0.05908203,0.032409668,-0.9314575,0.15625,0.140625,0.71875,531
411,1695312334930,0.060791016,0.02947998,-0.9365845,-0.796875,0.375,0.609375,532
412,1695312334970,0.064941406,0.027526855,-0.9221802,-0.171875,0.34375,0.65625,533
413,1695312335010,0.05908203,0.032165527,-0.9260864,0.3125,0.203125,0.71875,534
414,1695312335050,0.060302734,0.032165527,-0.9209595,0.359375,0.296875,0.84375,535
415,1695312335090,0.06274414,0.03314209,-0.94073486,0.15625,0.34375,0.796875,536
416,1695312335130,0.05908203,0.034118652,-0.9151001,1.0625,0.140625,0.5,537
417,1695312335170,0.057861328,0.030700684,-0.9290161,1.265625,-0.796875,0.71875,538
418,1695312335210,0.061523438,0.03656006,-0.9365845,0.640625,-0.703125,0.65625,539
419,1695312335250,0.0625,0.0368042,-0.9312134,0.78125,-0.390625,0.765625,540
420,1695312335290,0.060058594,0.032165527,-0.9229126,1.046875,-0.6875,0.59375,541
421,1695312335330,0.057617188,0.02947998,-0.9348755,0.171875,-0.484375,0.6875,542
422,1695312335370,0.060302734,0.034118652,-0.9324341,-0.125,-0.46875,0.578125,543
423,1695312335410,0.068847656,0.03363037,-0.93292236,0.140625,-0.28125,0.53125,544
424,1695312335450,0.06616211,0.029724121,-0.93756104,-0.703125,0.375,0.625,545
425,1695312335490,0.064697266,0.030944824,-0.925354,-0.390625,0.84375,0.65625,546
426,1695312335530,0.060302734,0.034606934,-0.9273071,0.09375,0.265625,0.734375,547
427,1695312335570,0.06591797,0.032409668,-0.9224243,0.4375,0.53125,0.78125,548
428,1695312335610,0.060302734,0.027526855,-0.9307251,0.171875,0.390625,0.734375,549
429,1695312335650,0.05908203,0.032165527,-0.9336548,-0.125,0.328125,0.6875,550
430,1695312335690,0.052734375,0.03338623,-0.91534424,1.15625,0.515625,0.578125,551
431,1695312335730,0.056884766,0.032409668,-0.9295044,1.3125,-0.71875,0.71875,552
432,1695312335770,0.05517578,0.038513184,-0.9307251,1.0625,-0.59375,0.59375,553
433,1695312335810,0.055908203,0.032409668,-0.92437744,0.71875,-0.5625,0.765625,554
434,1695312335850,0.061767578,0.038269043,-0.9326782,0.515625,-0.8125,0.703125,555
435,1695312335890,0.06518555,0.03387451,-0.9258423,0.21875,-0.65625,0.703125,556
436,1695312335930,0.06201172,0.035339355,-0.9331665,0.0,-0.53125,0.640625,557
437,1695312335970,0.06518555,0.029968262,-0.9338989,-0.046875,-0.359375,0.734375,558
438,1695312336010,0.06274414,0.035095215,-0.9390259,-0.625,0.4375,0.671875,559
439,1695312336050,0.06298828,0.026062012,-0.9282837,-0.46875,0.828125,0.703125,560
440,1695312336090,0.06201172,0.0289917,-0.92388916,0.25,0.59375,0.6875,561
441,1695312336130,0.0625,0.030212402,-0.927063,0.46875,0.390625,0.6875,562
442,1695312336170,0.059326172,0.035095215,-0.9290161,0.265625,0.390625,0.78125,563
443,1695312336210,0.06323242,0.031921387,-0.93218994,0.125,0.53125,0.609375,564
444,1695312336250,0.05859375,0.030944824,-0.9163208,0.828125,0.4375,0.71875,565
445,1695312336290,0.06274414,0.036315918,-0.9209595,1.9375,-1.125,0.6875,566
446,1695312336330,0.06323242,0.03656006,-0.9326782,0.90625,-0.921875,0.59375,567
447,1695312336370,0.05883789,0.0289917,-0.92803955,0.328125,-0.8125,0.578125,568
448,1695312336410,0.07055664,0.03656006,-0.9319458,0.21875,-1.375,0.71875,569
449,1695312336450,0.061035156,0.03753662,-0.92681885,0.953125,-1.125,0.640625,570
450,1695312336490,0.06713867,0.035095215,-0.9319458,-0.0625,-0.484375,0.625,571
451,1695312336530,0.06640625,0.029724121,-0.93414307,0.109375,-0.421875,0.6875,572
452,1695312336570,0.06762695,0.0289917,-0.93829346,-0.390625,0.40625,0.59375,573
453,1695312336610,0.057861328,0.026550293,-0.9307251,-0.65625,1.578125,0.609375,574
454,1695312336650,0.06323242,0.0289917,-0.9224243,0.328125,1.109375,0.671875,575
455,1695312336690,0.060546875,0.026306152,-0.9241333,0.484375,0.53125,0.734375,576
456,1695312336730,0.064208984,0.029724121,-0.9326782,0.453125,0.578125,0.859375,577
457,1695312336770,0.055908203,0.034362793,-0.9209595,0.53125,0.59375,0.671875,578
458,1695312336810,0.056396484,0.036315918,-0.92144775,0.875,-0.09375,0.609375,579
459,1695312336850,0.06323242,0.03729248,-0.9192505,1.21875,-0.5625,0.671875,580
460,1695312336890,0.05517578,0.038513184,-0.9258423,0.734375,-0.625,0.75,581
461,1695312336930,0.056152344,0.03778076,-0.9277954,0.46875,-0.90625,0.671875,582
462,1695312336970,0.05883789,0.0368042,-0.9282837,0.640625,-0.765625,0.640625,583
463,1695312337010,0.064697266,0.034362793,-0.92926025,0.09375,-1.0,0.65625,584
464,1695312337050,0.061035156,0.04046631,-0.9373169,-0.140625,-0.65625,0.671875,585
465,1695312337090,0.0637207,0.035339355,-0.9312134,-0.125,-0.515625,0.640625,586
466,1695312337130,0.06616211,0.03289795,-0.9368286,-0.0625,-0.0625,0.71875,587
467,1695312337170,0.064208984,0.027770996,-0.9324341,0.0,0.3125,0.671875,588
468,1695312337210,0.061035156,0.028747559,-0.92852783,-0.328125,1.34375,0.71875,589
469,1695312337250,0.061523438,0.03338623,-0.9182739,0.53125,0.703125,0.5625,590
470,1695312337290,0.056884766,0.035095215,-0.92559814,0.640625,0.5625,0.734375,591
471,1695312337330,0.057373047,0.035583496,-0.9277954,0.515625,0.578125,0.625,592
472,1695312337370,0.053466797,0.038757324,-0.9282837,0.4375,0.40625,0.796875,593
473,1695312337410,0.052490234,0.03314209,-0.9182739,1.015625,-0.09375,0.59375,594
474,1695312337450,0.06542969,0.03363037,-0.9212036,0.953125,-0.5625,0.71875,595
475,1695312337490,0.060058594,0.03387451,-0.9312134,0.765625,-0.984375,0.765625,596
476,1695312337530,0.064941406,0.03729248,-0.93170166,0.28125,-0.765625,0.625,597
477,1695312337570,0.060302734,0.0289917,-0.9343872,0.421875,-1.265625,0.6875,598
478,1695312337610,0.059814453,0.034851074,-0.92755127,0.203125,-1.109375,0.59375,599
479,1695312337650,0.07104492,0.034851074,-0.9302368,-0.203125,-0.75,0.71875,600
480,1695312337690,0.06298828,0.035827637,-0.9378052,-0.015625,-0.328125,0.625,601
481,1695312337730,0.06298828,0.032409668,-0.93585205,-0.015625,0.265625,0.796875,602
482,1695312337770,0.057373047,0.035339355,-0.92852783,-0.375,1.03125,0.65625,603
483,1695312337810,0.060791016,0.028259277,-0.92681885,0.140625,0.609375,0.734375,604
484,1695312337850,0.060302734,0.028259277,-0.92681885,0.46875,0.640625,0.625,605
485,1695312337890,0.060546875,0.03338623,-0.93341064,0.546875,0.546875,0.625,606
486,1695312337930,0.06225586,0.03363037,-0.9295044,0.1875,0.671875,0.65625,607
487,1695312337970,0.049804688,0.030944824,-0.92510986,0.109375,0.671875,0.59375,608
488,1695312338010,0.056396484,0.030212402,-0.91485596,1.84375,-1.15625,0.8125,609
489,1695312338050,0.06542969,0.0368042,-0.944397,1.125,-0.96875,0.765625,610
490,1695312338090,0.063964844,0.034118652,-0.93170166,0.328125,-0.734375,0.671875,611
491,1695312338130,0.06347656,0.03704834,-0.92926025,0.328125,-0.890625,0.515625,612
492,1695312338170,0.05908203,0.035827637,-0.92755127,0.296875,-0.75,0.765625,613
493,1695312338210,0.0625,0.03314209,-0.93585205,-0.1875,-0.421875,0.71875,614
494,1695312338250,0.06323242,0.03265381,-0.9234009,0.296875,-0.234375,0.578125,615
495,1695312338290,0.067871094,0.030700684,-0.9373169,0.015625,0.265625,0.546875,616
496,1695312338330,0.06274414,0.035095215,-0.93292236,-0.53125,1.015625,0.59375,617
497,1695312338370,0.055908203,0.0289917,-0.925354,-0.046875,0.703125,0.734375,618
498,1695312338410,0.053955078,0.027526855,-0.92510986,0.203125,0.578125,0.703125,619
499,1695312338450,0.06201172,0.02947998,-0.93096924,0.25,0.703125,0.71875,620
500,1695312338490,0.05859375,0.03289795,-0.9299927,0.21875,0.5625,0.6875,621
501,1695312338530,0.057617188,0.031677246,-0.9204712,1.046875,0.046875,0.765625,622
502,1695312338570,0.056396484,0.027770996,-0.9248657,1.484375,-1.0,0.78125,623
503,1695312338610,0.060302734,0.03729248,-0.928772,0.71875,-0.71875,0.71875,624
504,1695312338650,0.05859375,0.034118652,-0.9282837,0.234375,-0.734375,0.703125,625
505,1695312338690,0.063964844,0.029724121,-0.92926025,0.203125,-0.828125,0.515625,626
506,1695312338730,0.059326172,0.031433105,-0.93048096,0.078125,-0.484375,0.734375,627
507,1695312338770,0.060058594,0.034362793,-0.91973877,0.125,-0.390625,0.640625,628
508,1695312338810,0.0690918,0.030700684,-0.9402466,-0.265625,-0.640625,0.75,629
509,1695312338850,0.06347656,0.0289917,-0.9338989,-0.03125,0.78125,0.671875,630
510,1695312338890,0.064453125,0.030700684,-0.925354,-0.265625,0.875,0.625,631
511,1695312338930,0.06689453,0.028503418,-0.93096924,0.3125,0.578125,0.765625,632
512,1695312338970,0.060302734,0.032409668,-0.9265747,0.328125,0.9375,0.578125,633
513,1695312339010,0.06201172,0.028747559,-0.9209595,0.875,0.453125,0.65625,634
514,1695312339050,0.06542969,0.026062012,-0.92144775,0.984375,-0.078125,0.734375,635
515,1695312339090,0.061767578,0.034606934,-0.91900635,1.375,-0.5,0.75,636
516,1695312339130,0.060302734,0.03753662,-0.9348755,0.640625,-0.953125,0.703125,637
517,1695312339170,0.057617188,0.0289917,-0.9246216,0.0,-0.640625,0.578125,638
518,1695312339210,0.059814453,0.030212402,-0.928772,0.53125,-0.921875,0.703125,639
519,1695312339250,0.06298828,0.034118652,-0.9290161,0.390625,-0.65625,0.65625,640
520,1695312339290,0.06689453,0.029724121,-0.92803955,0.140625,-0.578125,0.84375,641
521,1695312339330,0.060302734,0.04046631,-0.9343872,0.265625,-0.484375,0.640625,642
522,1695312339370,0.060302734,0.025817871,-0.9351196,-0.078125,0.328125,0.65625,643
523,1695312339410,0.064453125,0.026550293,-0.93292236,-0.328125,0.90625,0.640625,644
524,1695312339450,0.06201172,0.026794434,-0.9326782,-0.0625,0.875,0.671875,645
525,1695312339490,0.059570312,0.028747559,-0.92266846,0.359375,0.734375,0.640625,646
526,1695312339530,0.06542969,0.035339355,-0.9290161,1.203125,0.34375,0.71875,647
527,1695312339570,0.057373047,0.03314209,-0.9170532,1.359375,-0.1875,0.765625,648
528,1695312339610,0.05859375,0.030700684,-0.93634033,0.796875,-0.765625,0.671875,649
529,1695312339650,0.05883789,0.03704834,-0.93341064,0.78125,-1.28125,0.6875,650
530,1695312339690,0.056884766,0.03387451,-0.92266846,0.984375,-0.578125,0.640625,651
531,1695312339730,0.06298828,0.029724121,-0.9356079,0.328125,-0.765625,0.671875,652
532,1695312339770,0.063964844,0.039001465,-0.93536377,0.125,-0.765625,0.828125,653
533,1695312339810,0.061035156,0.03314209,-0.93634033,0.171875,-0.5,0.609375,654
534,1695312339850,0.06567383,0.034118652,-0.93463135,0.0625,-0.328125,0.703125,655
535,1695312339890,0.06323242,0.031921387,-0.9380493,-0.484375,0.25,0.6875,656
536,1695312339930,0.0625,0.029968262,-0.9331665,-0.5,0.984375,0.71875,657
537,1695312339970,0.06347656,0.031188965,-0.9277954,0.015625,1.046875,0.734375,658
538,1695312340010,0.053955078,0.0289917,-0.92193604,0.328125,0.765625,0.703125,659
539,1695312340050,0.06201172,0.030944824,-0.92144775,0.984375,0.578125,0.671875,660
540,1695312340090,0.053955078,0.03363037,-0.9246216,0.703125,0.265625,0.84375,661
541,1695312340130,0.05493164,0.035339355,-0.9060669,1.890625,-0.5,0.765625,662
542,1695312340170,0.06323242,0.031677246,-0.92803955,0.796875,-1.078125,0.65625,663
543,1695312340210,0.060302734,0.035095215,-0.93756104,0.140625,-1.234375,0.71875,664
544,1695312340250,0.061279297,0.03729248,-0.9199829,0.578125,-1.234375,0.703125,665
545,1695312340290,0.06665039,0.035095215,-0.9299927,0.125,-0.84375,0.71875,666
546,1695312340330,0.06274414,0.036315918,-0.9343872,-0.375,-0.84375,0.640625,667
547,1695312340370,0.064453125,0.031433105,-0.9348755,-0.140625,-0.390625,0.65625,668
548,1695312340410,0.06567383,0.026794434,-0.9397583,-0.40625,0.5625,0.65625,669
549,1695312340450,0.06738281,0.03387451,-0.9260864,-0.078125,0.734375,0.828125,670
550,1695312340490,0.06567383,0.027282715,-0.9248657,0.25,1.015625,0.71875,671
551,1695312340530,0.061523438,0.028015137,-0.92852783,0.671875,1.078125,0.671875,672
552,1695312340570,0.057617188,0.028015137,-0.9273071,0.421875,0.6875,0.671875,673
553,1695312340610,0.05883789,0.039001465,-0.90411377,1.484375,0.03125,0.640625,674
554,1695312340650,0.061767578,0.034606934,-0.93927,0.59375,-0.546875,0.671875,675
555,1695312340690,0.052490234,0.034606934,-0.90875244,1.1875,-0.5,0.75,676
556,1695312340730,0.06640625,0.038024902,-0.96295166,-0.234375,-1.703125,0.875,677
557,1695312340770,0.061523438,0.032165527,-0.9331665,0.03125,-0.6875,0.65625,678
558,1695312340810,0.061767578,0.03265381,-0.9224243,0.265625,-0.796875,0.75,679
559,1695312340850,0.06616211,0.031188965,-0.92755127,-0.21875,-0.765625,0.59375,680
560,1695312340890,0.06274414,0.03338623,-0.93463135,0.046875,-0.296875,0.734375,681
561,1695312340930,0.06567383,0.035583496,-0.9331665,-0.25,0.28125,0.65625,682
562,1695312340970,0.061767578,0.034362793,-0.93292236,-0.390625,1.34375,0.703125,683
563,1695312341010,0.06567383,0.02923584,-0.92193604,0.125,0.921875,0.734375,684
564,1695312341050,0.064941406,0.030944824,-0.93048096,0.171875,0.875,0.765625,685
565,1695312341090,0.055419922,0.02923584,-0.92681885,0.5625,0.609375,0.75,686
566,1695312341130,0.057861328,0.038024902,-0.91778564,0.921875,0.21875,0.515625,687
567,1695312341170,0.060058594,0.03314209,-0.91851807,1.09375,-0.15625,0.609375,688
568,1695312341210,0.064208984,0.03289795,-0.93536377,0.953125,-1.265625,0.796875,689
569,1695312341250,0.0625,0.036071777,-0.9234009,0.46875,-0.8125,0.625,690
570,1695312341290,0.064941406,0.03338623,-0.91973877,1.15625,-1.65625,0.71875,691
571,1695312341330,0.06738281,0.034362793,-0.9365845,-0.390625,-0.671875,0.609375,692
572,1695312341370,0.064453125,0.03265381,-0.927063,0.125,-0.4375,0.703125,693
573,1695312341410,0.060791016,0.03289795,-0.9319458,-0.140625,-0.1875,0.703125,694
574,1695312341450,0.06274414,0.034851074,-0.9336548,0.03125,0.109375,0.75,695
575,1695312341490,0.06323242,0.03314209,-0.9385376,-0.375,0.84375,0.703125,696
576,1695312341530,0.057373047,0.032165527,-0.9307251,-0.1875,1.0625,0.65625,697
577,1695312341570,0.0637207,0.028503418,-0.9221802,0.21875,0.671875,0.671875,698
578,1695312341610,0.06616211,0.03363037,-0.923645,0.671875,0.171875,0.640625,699
579,1695312341650,0.06665039,0.02947998,-0.928772,0.421875,0.21875,0.671875,700
580,1695312341690,0.05419922,0.032165527,-0.923645,0.6875,0.3125,0.703125,701
581,1695312341730,0.06225586,0.03314209,-0.91119385,1.9375,-1.03125,0.8125,702
582,1695312341770,0.06591797,0.03289795,-0.94415283,0.46875,-1.046875,0.765625,703
583,1695312341810,0.063964844,0.034118652,-0.9277954,0.21875,-0.53125,0.5625,704
584,1695312341850,0.06274414,0.036071777,-0.9221802,0.359375,-0.796875,0.609375,705
585,1695312341890,0.06347656,0.031433105,-0.93096924,-0.34375,-0.84375,0.640625,706
586,1695312341930,0.06933594,0.035339355,-0.9343872,-0.078125,-0.421875,0.5,707
587,1695312341970,0.06591797,0.026550293,-0.9414673,-0.171875,-0.046875,0.625,708
588,1695312342010,0.06225586,0.03387451,-0.93170166,-0.21875,0.515625,0.453125,709
589,1695312342050,0.06323242,0.028503418,-0.9282837,-0.359375,1.140625,0.859375,710
590,1695312342090,0.06689453,0.028503418,-0.92388916,0.578125,0.953125,0.71875,711
591,1695312342130,0.061279297,0.025817871,-0.91900635,1.015625,0.203125,0.625,712
592,1695312342170,0.0625,0.029724121,-0.9380493,0.28125,0.53125,0.734375,713
593,1695312342210,0.05444336,0.031433105,-0.9229126,0.765625,0.625,0.671875,714
594,1695312342250,0.056640625,0.034118652,-0.9204712,0.953125,-0.28125,0.671875,715
595,1695312342290,0.059570312,0.038757324,-0.9258423,1.21875,-0.9375,0.703125,716
596,1695312342330,0.06274414,0.03363037,-0.9368286,0.609375,-0.921875,0.671875,717
597,1695312342370,0.06274414,0.028747559,-0.9260864,0.46875,-0.640625,0.65625,718
598,1695312342410,0.0637207,0.0289917,-0.913147,0.78125,-0.984375,0.640625,719
599,1695312342450,0.06762695,0.035339355,-0.94415283,-0.203125,-1.03125,0.734375,720
600,1695312342490,0.06323242,0.038513184,-0.9326782,-0.03125,-0.8125,0.796875,721
601,1695312342530,0.068359375,0.03289795,-0.9248657,0.03125,-0.453125,0.71875,722
602,1695312342570,0.068115234,0.030456543,-0.9378052,-0.0625,-0.359375,0.75,723
603,1695312342610,0.068359375,0.02532959,-0.93829346,-0.25,0.578125,0.515625,724
604,1695312342650,0.06591797,0.030212402,-0.93170166,-0.421875,1.15625,0.640625,725
605,1695312342690,0.063964844,0.032165527,-0.91900635,0.34375,0.6875,0.875,726
606,1695312342730,0.064941406,0.030212402,-0.92266846,0.484375,0.671875,0.796875,727
607,1695312342770,0.061767578,0.029968262,-0.9258423,0.6875,0.25,0.828125,728
608,1695312342810,0.05834961,0.030456543,-0.93096924,0.28125,0.484375,0.8125,729
609,1695312342850,0.059570312,0.027526855,-0.90704346,1.5,-0.359375,0.765625,730
610,1695312342890,0.061035156,0.034606934,-0.9312134,0.84375,-0.828125,0.78125,731
611,1695312342930,0.063964844,0.035339355,-0.93634033,0.234375,-0.875,0.6875,732
612,1695312342970,0.06640625,0.0368042,-0.92559814,0.625,-1.390625,0.546875,733
613,1695312343010,0.061279297,0.035827637,-0.9319458,0.3125,-0.8125,0.65625,734
614,1695312343050,0.0625,0.03265381,-0.9204712,0.28125,-0.578125,0.671875,735
615,1695312343090,0.0715332,0.03753662,-0.9373169,0.0625,-0.734375,0.890625,736
616,1695312343130,0.06591797,0.03289795,-0.9380493,-0.234375,-0.21875,0.671875,737
617,1695312343170,0.0703125,0.031433105,-0.9429321,-0.609375,0.78125,0.765625,738
618,1695312343210,0.06640625,0.032165527,-0.9290161,-0.671875,1.515625,0.609375,739
619,1695312343250,0.06347656,0.027038574,-0.9194946,0.546875,1.09375,0.671875,740
620,1695312343290,0.064697266,0.029724121,-0.92071533,0.859375,0.84375,0.640625,741
621,1695312343330,0.064697266,0.031433105,-0.9299927,0.734375,0.875,0.71875,742
622,1695312343370,0.05493164,0.031188965,-0.90509033,1.390625,0.21875,0.671875,743
623,1695312343410,0.06347656,0.041931152,-0.9246216,1.59375,-1.46875,0.65625,744
624,1695312343450,0.06567383,0.032409668,-0.940979,0.015625,-0.828125,0.609375,745
625,1695312343490,0.060791016,0.03363037,-0.9295044,-0.09375,-0.609375,0.625,746
626,1695312343530,0.06616211,0.036071777,-0.9216919,0.21875,-0.84375,0.625,747
627,1695312343570,0.068359375,0.03363037,-0.93878174,-0.03125,-0.890625,0.640625,748
628,1695312343610,0.06298828,0.034362793,-0.9326782,-0.296875,-0.3125,0.6875,749
629,1695312343650,0.07128906,0.030456543,-0.93878174,-0.28125,0.15625,0.671875,750
630,1695312343690,0.06567383,0.03289795,-0.9273071,-0.5,1.140625,0.65625,751
631,1695312343730,0.060058594,0.027770996,-0.9175415,0.328125,1.28125,0.765625,752
632,1695312343770,0.061035156,0.028015137,-0.9209595,0.921875,0.796875,0.71875,753
633,1695312343810,0.064941406,0.032165527,-0.9439087,0.546875,0.53125,0.65625,754
634,1695312343850,0.061035156,0.035339355,-0.9338989,0.609375,0.953125,0.6875,755
635,1695312343890,0.06201172,0.02947998,-0.9158325,0.5,0.375,0.75,756
636,1695312343930,0.05493164,0.03314209,-0.92071533,1.375,-0.40625,0.78125,757
637,1695312343970,0.064453125,0.03314209,-0.92681885,1.109375,-1.015625,0.625,758
638,1695312344010,0.057128906,0.035095215,-0.94122314,-0.078125,-0.75,0.75,759
639,1695312344050,0.060791016,0.03314209,-0.9116821,0.6875,-0.65625,0.6875,760
640,1695312344090,0.068359375,0.026306152,-0.94317627,0.015625,-1.28125,0.734375,761
641,1695312344130,0.06347656,0.038757324,-0.92681885,0.046875,-1.09375,0.734375,762
642,1695312344170,0.072509766,0.031433105,-0.9368286,-0.125,-0.71875,0.609375,763
643,1695312344210,0.067871094,0.03265381,-0.9365845,-0.21875,-0.390625,0.6875,764
644,1695312344250,0.06298828,0.029724121,-0.93536377,-0.484375,0.484375,0.625,765
645,1695312344290,0.06738281,0.025817871,-0.9319458,-0.953125,1.578125,0.5625,766
646,1695312344330,0.06347656,0.023620605,-0.9229126,0.578125,1.21875,0.59375,767
647,1695312344370,0.061035156,0.029968262,-0.92315674,1.046875,0.9375,0.84375,768
648,1695312344410,0.052246094,0.027526855,-0.9221802,0.8125,0.609375,0.8125,769
649,1695312344450,0.05883789,0.034362793,-0.90582275,1.34375,-0.25,0.65625,770
650,1695312344490,0.06201172,0.04046631,-0.9290161,1.15625,-0.921875,0.765625,771
651,1695312344530,0.060058594,0.03656006,-0.9265747,0.84375,-0.78125,0.75,772
652,1695312344570,0.057373047,0.042175293,-0.9282837,-0.109375,-0.890625,0.703125,773
653,1695312344610,0.06347656,0.036315918,-0.8965454,1.21875,-1.328125,0.71875,774
654,1695312344650,0.06591797,0.02923584,-0.9507446,-0.46875,-1.4375,0.65625,775
655,1695312344690,0.071777344,0.034606934,-0.92633057,-0.109375,-0.53125,0.609375,776
656,1695312344730,0.0715332,0.03338623,-0.9338989,-0.328125,-0.046875,0.578125,777
657,1695312344770,0.0690918,0.02923584,-0.9248657,0.015625,0.328125,0.65625,778
658,1695312344810,0.064208984,0.030456543,-0.9314575,-0.1875,0.59375,0.671875,779
659,1695312344850,0.068847656,0.034118652,-0.9365845,0.109375,0.921875,0.671875,780
660,1695312344890,0.0625,0.034362793,-0.92755127,0.0625,1.125,0.6875,781
661,1695312344930,0.064453125,0.026062012,-0.9212036,0.609375,0.734375,0.75,782
662,1695312344970,0.064453125,0.027282715,-0.9360962,0.234375,0.40625,0.734375,783
663,1695312345010,0.05908203,0.031677246,-0.92388916,0.609375,0.828125,0.734375,784
664,1695312345050,0.060791016,0.034118652,-0.91534424,2.0,-0.734375,0.796875,785
665,1695312345090,0.064941406,0.030456543,-0.93585205,0.65625,-0.59375,0.640625,786
666,1695312345130,0.06616211,0.03289795,-0.9319458,0.40625,-0.859375,0.640625,787
667,1695312345170,0.064453125,0.034362793,-0.9229126,0.625,-1.03125,0.609375,788
668,1695312345210,0.05859375,0.028015137,-0.92974854,0.015625,-0.84375,0.65625,789
669,1695312345250,0.06347656,0.034362793,-0.9378052,-0.0625,-0.75,0.78125,790
670,1695312345290,0.07080078,0.030456543,-0.9378052,-0.28125,-0.484375,0.71875,791
671,1695312345330,0.06738281,0.028259277,-0.9319458,-0.109375,-0.1875,0.640625,792
672,1695312345370,0.06689453,0.031677246,-0.92926025,-0.421875,0.828125,0.515625,793
673,1695312345410,0.06298828,0.030944824,-0.92852783,-0.3125,1.359375,0.515625,794
674,1695312345450,0.06347656,0.02923584,-0.9209595,0.765625,1.265625,0.609375,795
675,1695312345490,0.06225586,0.030212402,-0.92193604,1.015625,0.703125,0.71875,796
676,1695312345530,0.068115234,0.0289917,-0.9348755,0.40625,0.328125,0.65625,797
677,1695312345570,0.06298828,0.031677246,-0.91607666,1.328125,0.21875,0.671875,798
678,1695312345610,0.06201172,0.032165527,-0.927063,1.234375,-0.84375,0.71875,799
679,1695312345650,0.061767578,0.034362793,-0.92510986,0.609375,-0.75,0.734375,800
680,1695312345690,0.060302734,0.035827637,-0.93048096,0.21875,-0.765625,0.640625,801
681,1695312345730,0.06298828,0.038024902,-0.9324341,0.125,-0.953125,0.59375,802
682,1695312345770,0.060546875,0.031921387,-0.923645,0.4375,-0.734375,0.71875,803
683,1695312345810,0.06323242,0.029968262,-0.9414673,-0.046875,-0.609375,0.53125,804
684,1695312345850,0.060058594,0.028503418,-0.9378052,-0.25,-0.15625,0.625,805
685,1695312345890,0.06640625,0.03265381,-0.93951416,-0.46875,0.6875,0.640625,806
686,1695312345930,0.05419922,0.032165527,-0.9234009,-0.265625,1.03125,0.671875,807
687,1695312345970,0.06323242,0.027282715,-0.9221802,0.59375,0.5625,0.6875,808
688,1695312346010,0.06567383,0.034851074,-0.927063,0.765625,0.375,0.609375,809
689,1695312346050,0.055664062,0.03363037,-0.93585205,0.453125,0.515625,0.625,810
690,1695312346090,0.059326172,0.030700684,-0.9204712,0.484375,0.5,0.5,811
691,1695312346130,0.064453125,0.027526855,-0.91973877,1.203125,-0.5,0.796875,812
692,1695312346170,0.0637207,0.03363037,-0.9324341,1.234375,-1.0,0.59375,813
693,1695312346210,0.064697266,0.035095215,-0.92852783,0.484375,-0.671875,0.6875,814
694,1695312346250,0.057617188,0.034362793,-0.9312134,0.453125,-0.859375,0.78125,815
695,1695312346290,0.06298828,0.031921387,-0.9385376,-0.125,-0.375,0.6875,816
696,1695312346330,0.06347656,0.028015137,-0.9312134,-0.140625,-0.046875,0.625,817
697,1695312346370,0.060546875,0.035095215,-0.94854736,-0.46875,-0.28125,0.65625,818
698,1695312346410,0.0625,0.027282715,-0.9312134,-0.4375,1.25,0.703125,819
699,1695312346450,0.05419922,0.024597168,-0.91900635,0.234375,0.65625,0.578125,820
700,1695312346490,0.05810547,0.031921387,-0.9241333,0.6875,0.15625,0.75,821
701,1695312346530,0.05810547,0.0289917,-0.92803955,0.59375,0.453125,0.8125,822
702,1695312346570,0.061523438,0.035827637,-0.9248657,0.40625,0.71875,0.671875,823
703,1695312346610,0.060791016,0.03704834,-0.9170532,1.40625,-0.21875,0.671875,824
704,1695312346650,0.05859375,0.032165527,-0.92681885,1.265625,-0.5,0.71875,825
705,1695312346690,0.061279297,0.03265381,-0.9378052,0.75,-0.796875,0.578125,826
706,1695312346730,0.060058594,0.02923584,-0.9248657,0.359375,-0.515625,0.6875,827
707,1695312346770,0.057617188,0.031188965,-0.92633057,0.265625,-0.78125,0.75,828
708,1695312346810,0.06616211,0.030212402,-0.9312134,-0.03125,-0.6875,0.625,829
709,1695312346850,0.0637207,0.036071777,-0.9314575,0.09375,-0.25,0.65625,830
710,1695312346890,0.06640625,0.035095215,-0.9402466,-0.296875,-0.125,0.796875,831
711,1695312346930,0.05883789,0.028259277,-0.93536377,-0.5625,0.78125,0.625,832
712,1695312346970,0.068359375,0.026794434,-0.9194946,0.125,0.734375,0.796875,833
713,1695312347010,0.059814453,0.034362793,-0.9324341,0.53125,0.484375,0.65625,834
714,1695312347050,0.05859375,0.031188965,-0.92315674,0.515625,0.453125,0.765625,835
715,1695312347090,0.057373047,0.02947998,-0.91290283,1.71875,-0.453125,0.71875,836
716,1695312347130,0.057373047,0.030212402,-0.93634033,0.90625,-0.9375,0.84375,837
717,1695312347170,0.061035156,0.03729248,-0.93341064,0.484375,-0.828125,0.640625,838
718,1695312347210,0.06542969,0.042419434,-0.9290161,0.1875,-0.546875,0.59375,839
719,1695312347250,0.060302734,0.032165527,-0.9116821,0.765625,-0.859375,0.546875,840
720,1695312347290,0.06274414,0.032409668,-0.9312134,0.078125,-1.0,0.671875,841
721,1695312347330,0.067871094,0.031433105,-0.93096924,0.140625,-0.484375,0.828125,842
722,1695312347370,0.059814453,0.030700684,-0.9312134,-0.03125,-0.1875,0.625,843
723,1695312347410,0.061279297,0.030700684,-0.9402466,-0.0625,0.0,0.71875,844
724,1695312347450,0.063964844,0.03338623,-0.93756104,-0.71875,1.03125,0.640625,845
725,1695312347490,0.05883789,0.024353027,-0.9302368,-0.125,1.46875,0.484375,846
726,1695312347530,0.060058594,0.031188965,-0.925354,0.484375,0.90625,0.703125,847
727,1695312347570,0.06323242,0.028259277,-0.92437744,0.78125,0.421875,0.6875,848
728,1695312347610,0.061767578,0.027770996,-0.92315674,0.90625,0.453125,0.703125,849
729,1695312347650,0.055908203,0.031188965,-0.9170532,1.40625,-0.453125,0.71875,850
730,1695312347690,0.053710938,0.034606934,-0.92755127,0.796875,-0.71875,0.671875,851
731,1695312347730,0.056152344,0.034118652,-0.92974854,0.71875,-0.765625,0.765625,852
732,1695312347770,0.05859375,0.03656006,-0.928772,0.046875,-0.84375,0.484375,853
733,1695312347810,0.06201172,0.03704834,-0.92755127,0.265625,-0.6875,0.703125,854
734,1695312347850,0.059814453,0.03363037,-0.925354,0.453125,-1.03125,0.609375,855
735,1695312347890,0.06591797,0.035583496,-0.9360962,-0.125,-0.609375,0.6875,856
736,1695312347930,0.06518555,0.031677246,-0.93218994,0.0625,-0.4375,0.6875,857
737,1695312347970,0.064941406,0.028503418,-0.93951416,-0.28125,0.328125,0.578125,858
738,1695312348010,0.064453125,0.028503418,-0.93707275,-0.8125,1.0,0.765625,859
739,1695312348050,0.061279297,0.029724121,-0.9170532,0.09375,0.640625,0.640625,860
740,1695312348090,0.06323242,0.027770996,-0.9187622,0.609375,0.453125,0.703125,861
741,1695312348130,0.06201172,0.02532959,-0.9204712,0.859375,0.421875,0.734375,862
742,1695312348170,0.057617188,0.03314209,-0.9163208,1.59375,-0.578125,0.625,863
743,1695312348210,0.060058594,0.032165527,-0.9378052,1.078125,-0.78125,0.5,864
744,1695312348250,0.05883789,0.041931152,-0.9116821,1.140625,-0.625,0.671875,865
745,1695312348290,0.06201172,0.034851074,-0.9282837,0.421875,-0.375,0.5625,866
746,1695312348330,0.06201172,0.032165527,-0.9360962,-0.03125,-0.390625,0.578125,867
747,1695312348370,0.068847656,0.02923584,-0.93414307,-0.078125,-0.6875,0.5625,868
748,1695312348410,0.071777344,0.027038574,-0.925354,-0.03125,-0.546875,0.59375,869
749,1695312348450,0.060791016,0.029724121,-0.94195557,0.21875,-0.421875,0.859375,870
750,1695312348490,0.06933594,0.026550293,-0.9378052,-0.5,0.28125,0.765625,871
751,1695312348530,0.06542969,0.031677246,-0.9273071,-0.59375,1.171875,0.90625,872
752,1695312348570,0.063964844,0.028747559,-0.923645,0.3125,-0.328125,0.90625,873
753,1695312348610,0.064453125,0.030456543,-0.93341064,0.484375,-0.640625,0.90625,874
754,1695312348650,0.064697266,0.03314209,-0.928772,0.0625,0.421875,0.6875,875
755,1695312348690,0.06201172,0.027526855,-0.9109497,0.765625,-0.375,0.875,876
756,1695312348730,0.064208984,0.031433105,-0.9314575,0.890625,-1.421875,0.625,877
757,1695312348770,0.071777344,0.034118652,-0.9324341,1.015625,-0.984375,0.65625,878
758,1695312348810,0.07006836,0.03338623,-0.92315674,0.75,0.015625,0.625,879
759,1695312348850,0.071777344,0.034851074,-0.9248657,0.5625,-0.40625,0.671875,880
